stab|0 1,9,8,7,6,5,4,3,2 1 0
stab|0 2,1,9,8,7,6,5,4,3 3 0
stab|0 9,1,2,3,4,5,6,7,8 255 0
stab|0 3,2,1,9,8,7,6,5,4 7 0
stab|0 8,9,1,2,3,4,5,6,7 127 0
stab|0 4,3,2,1,9,8,7,6,5 15 0
stab|0 7,8,9,1,2,3,4,5,6 63 0
stab|0 5,4,3,2,1,9,8,7,6 31 0
stab|0 6,7,8,9,1,2,3,4,5 31 0
stab|0 6,5,4,3,2,1,9,8,7 63 0
stab|0 5,6,7,8,9,1,2,3,4 15 0
stab|0 7,6,5,4,3,2,1,9,8 127 0
stab|0 4,5,6,7,8,9,1,2,3 7 0
stab|0 8,7,6,5,4,3,2,1,9 255 0
stab|0 3,4,5,6,7,8,9,1,2 3 0
stab|0 2,3,4,5,6,7,8,9,1 1 0
stab|0 9,8,7,6,5,4,3,2,1 0 0
stab|300942 1,3,2,9,8,7,6,5,4 6 0
stab|316961 1,7,6,5,4,3,2,9,8 127 0
stab|325662 7,3,2,6,5,4,1,9,8 71 0
stab|440292 5,3,2,4,1,9,8,7,6 23 0
stab|554145 4,3,2,1,9,7,6,8,5 143 0
stab|578983 9,8,7,5,4,6,3,2,1 32 0
stab|593666 4,8,9,1,7,6,5,2,3 121 0
stab|652895 1,5,4,3,2,9,8,7,6 31 0
stab|723891 7,8,5,4,3,9,1,2,6 195 0
stab|895434 9,8,7,4,6,5,3,2,1 8 0
stab|932102 4,3,2,1,8,7,6,5,9 240 0
stab|964200 9,6,5,4,3,2,8,7,1 62 0
stab|1028254 4,3,2,1,7,6,5,9,8 127 0
stab|1032068 3,2,1,7,8,9,4,5,6 0 0
stab|1032089 7,8,9,3,2,1,6,5,4 0 0
stab|1032089 6,5,4,9,8,7,1,2,3 0 0
stab|1032089 4,5,6,1,2,3,9,8,7 0 0
stab|1128608 7,5,4,3,2,6,1,9,8 95 0
stab|1153740 2,1,9,6,5,4,8,7,3 59 0
stab|1242530 9,8,6,5,4,3,7,2,1 0 0
stab|1590507 4,3,2,1,5,9,8,7,6 31 0
stab|1594869 2,1,8,7,6,5,4,3,9 3 0
stab|1613537 9,2,8,7,6,5,4,3,1 2 0
stab|1663686 9,5,4,3,2,6,8,7,1 30 0
stab|1681105 4,3,2,1,9,7,6,8,5 15 0
stab|1728976 9,3,2,8,7,6,5,4,1 248 0
stab|1801824 7,2,6,5,4,3,1,9,8 125 0
stab|1859126 2,1,4,3,5,9,8,7,6 28 0
stab|1859974 9,8,3,5,4,7,6,2,1 96 0
stab|1875647 2,1,9,5,4,7,6,8,3 27 0
stab|1984741 9,3,2,6,5,4,8,7,1 56 0
stab|2037632 2,1,9,7,6,5,4,8,3 131 0
stab|2072188 5,7,8,9,1,6,2,3,4 49 0
stab|2072189 7,5,4,3,2,6,1,9,8 97 0
stab|2478340 8,5,6,7,2,3,4,1,9 129 0
stab|2525485 7,1,9,8,4,3,2,5,6 79 0
stab|2525485 2,7,6,5,8,9,1,4,3 115 0
stab|2533713 5,6,7,4,1,2,3,9,8 8 0
stab|2545262 9,8,3,7,6,5,4,2,1 0 0
stab|2547224 9,4,3,2,6,5,8,7,1 48 0
stab|2593866 4,3,2,1,6,5,9,8,7 48 0
stab|2771428 7,4,3,2,6,5,1,9,8 113 0
stab|2800073 6,5,9,8,3,4,7,1,2 115 0
stab|2800073 8,9,5,6,2,1,7,4,3 60 0
stab|2886325 8,5,4,3,2,7,6,1,9 225 0
stab|2887886 1,4,5,9,8,3,2,6,7 120 0
stab|2887886 1,7,6,2,3,8,9,5,4 121 0
stab|2904715 4,3,2,1,5,9,8,7,6 16 0
stab|2934039 5,9,1,2,3,8,6,7,4 247 0
stab|2934039 3,4,5,9,1,7,8,6,2 253 0
stab|2961625 4,3,2,1,8,7,6,5,9 15 0
stab|2967678 3,8,7,4,1,9,5,6,2 245 0
stab|2967678 5,9,1,4,7,8,3,2,6 215 0
stab|3018367 7,6,3,5,4,2,1,9,8 127 0
stab|3031144 6,7,4,5,3,8,9,1,2 99 0
stab|3031144 8,9,5,3,4,1,2,6,7 124 0
stab|3424889 6,2,7,8,9,1,3,4,5 33 0
stab|3576233 4,3,6,7,8,2,1,9,5 243 0
stab|3576233 7,6,2,1,9,3,4,5,8 131 0
stab|3706630 4,8,9,1,5,7,6,2,3 121 0
stab|3971313 2,1,3,7,8,9,4,5,6 0 0
stab|4308037 9,4,3,2,8,7,6,5,1 240 0
stab|4377183 1,3,2,5,4,9,8,7,6 7 0
stab|4390683 4,5,6,1,2,3,8,7,9 0 0
stab|4430915 2,1,4,3,9,8,7,6,5 12 0
stab|4460507 6,7,8,9,5,1,2,3,4 16 0
stab|4504051 2,1,9,5,4,6,8,7,3 27 0
stab|4606524 3,7,1,9,8,6,2,5,4 71 0
stab|4717291 2,1,4,3,7,6,5,9,8 124 0
stab|4841702 1,9,4,3,8,7,6,5,2 241 0
stab|4910029 4,5,7,1,2,6,3,9,8 32 0
stab|4953944 5,2,4,3,1,9,8,7,6 29 0
stab|5265785 2,1,9,4,6,5,8,7,3 51 0
stab|5404260 2,1,7,4,8,9,3,5,6 8 0
stab|5536698 5,8,9,4,1,7,6,2,3 113 0
stab|5744341 9,5,4,3,2,8,7,6,1 30 0
stab|5834097 6,5,8,4,2,1,9,3,7 59 0
stab|5932966 1,7,4,3,8,9,2,5,6 67 0
stab|5945133 2,1,9,8,6,5,7,4,3 3 0
stab|5981177 8,9,1,2,3,6,4,5,7 71 0
stab|5981177 3,4,5,7,8,6,9,1,2 227 0
stab|5982272 3,2,1,5,4,9,8,7,6 7 0
stab|6042500 7,5,3,6,2,4,1,9,8 87 0
stab|6086786 4,5,6,1,2,3,7,9,8 0 0
stab|6164878 7,6,3,8,9,2,1,4,5 99 0
stab|6223393 9,3,2,7,6,5,4,8,1 128 0
stab|6229384 6,8,4,3,9,1,7,2,5 227 0
stab|6390072 4,3,2,1,6,5,8,7,9 63 0
stab|6684672 9,8,4,3,6,5,7,2,1 12 0
stab|6698109 5,6,7,8,1,2,3,4,9 0 0
stab|7043663 4,3,2,1,6,5,7,9,8 112 0
stab|7149581 4,7,8,1,9,6,2,3,5 41 0
stab|7164909 3,4,8,9,5,2,1,7,6 16 0
stab|7164909 7,6,1,2,5,9,8,3,4 16 0
stab|7164909 8,9,7,6,5,4,3,1,2 0 0
stab|7174867 9,5,6,7,2,3,4,8,1 254 0
stab|7285143 6,2,8,7,9,1,4,3,5 33 0
stab|7291982 2,6,5,4,7,8,9,1,3 61 0
stab|7291982 6,8,7,4,9,1,3,2,5 231 0
stab|7291982 8,1,9,4,3,2,5,6,7 113 0
stab|7292617 8,5,4,3,2,9,7,1,6 30 0
stab|7294122 7,8,6,5,4,3,1,2,9 255 0
stab|7762369 7,2,6,5,9,1,3,4,8 177 0
stab|7762369 6,2,7,8,4,3,1,9,5 211 0
stab|7864893 6,8,9,5,4,1,7,2,3 24 0
stab|8076448 1,8,9,7,6,5,4,2,3 1 0
stab|8101395 1,7,4,3,9,8,2,6,5 67 0
stab|8240252 2,1,9,4,8,7,6,5,3 243 0
stab|8240279 7,6,5,4,9,1,2,3,8 135 0
stab|8240279 6,7,8,4,3,2,1,9,5 31 0
stab|8267638 7,6,1,2,5,8,9,4,3 16 0
stab|8267638 3,4,9,8,5,2,1,6,7 16 0
stab|8272567 1,5,4,3,2,9,8,7,6 1 0
stab|8272567 1,9,8,7,6,2,3,4,5 31 0
stab|8272567 1,6,7,8,9,5,4,3,2 30 0
stab|8305085 5,7,8,4,1,9,2,3,6 215 0
stab|8335761 2,1,9,7,5,8,4,6,3 163 0
stab|8405190 8,4,3,2,6,5,9,1,7 177 0
stab|8408310 4,2,6,1,9,3,8,7,5 11 0
stab|8568408 2,1,4,3,6,5,9,8,7 51 0
stab|8624858 1,8,6,5,4,3,9,2,7 1 0
stab|8704696 4,9,3,1,8,7,6,5,2 240 0
stab|8750747 4,3,2,1,5,8,9,6,7 16 0
stab|8758348 9,3,2,5,4,8,7,6,1 224 0
stab|8779866 1,5,4,3,2,7,6,9,8 97 0
stab|8781465 8,9,1,4,7,3,2,6,5 71 0
stab|8781465 3,7,6,4,9,8,5,1,2 116 0
stab|8800088 1,5,6,9,2,3,8,7,4 246 0
stab|8906287 1,9,6,8,7,3,5,4,2 253 0
stab|8962140 4,7,3,1,9,8,2,6,5 79 0
stab|9016279 7,2,8,5,4,9,1,3,6 197 0
stab|9056896 1,4,5,2,3,8,9,6,7 1 0
stab|9056896 1,7,6,9,8,5,4,3,2 30 0
stab|9056896 1,9,8,7,6,3,2,5,4 31 0
stab|9058586 6,9,8,5,4,1,7,3,2 24 0
stab|9068994 4,3,2,1,8,9,7,5,6 15 0
stab|9073625 4,3,2,1,7,9,5,8,6 95 0
stab|9074659 4,6,7,1,5,2,3,9,8 0 0
stab|9078218 5,6,3,7,1,2,4,9,8 0 0
stab|9110870 6,7,8,3,2,9,5,4,1 254 0
stab|9110870 9,5,4,8,7,1,2,3,6 223 0
stab|9115240 5,4,8,2,1,9,7,3,6 27 0
stab|9138619 5,4,8,7,3,6,9,1,2 59 0
stab|9138619 8,9,5,2,1,6,4,3,7 92 0
stab|9145957 9,7,3,8,6,5,2,4,1 184 0
stab|9156656 6,8,3,7,9,1,4,2,5 163 0
stab|9177587 2,1,9,7,8,6,4,5,3 3 0
stab|9209701 3,7,1,4,9,8,2,6,5 71 0
stab|9234214 5,4,8,2,1,6,9,3,7 59 0
stab|9236141 8,9,5,7,3,6,4,1,2 92 0
stab|9245210 4,5,3,1,2,7,6,9,8 96 0
stab|9248457 3,4,9,8,7,5,6,2,1 15 0
stab|9248457 9,8,1,2,6,7,5,4,3 124 0
stab|9254312 5,1,9,8,7,6,2,3,4 15 0
stab|9254312 2,7,8,9,1,6,5,4,3 61 0
stab|9258109 9,8,7,5,4,6,3,2,1 24 0
stab|9258109 4,3,2,1,9,6,8,7,5 207 0
stab|9263540 1,9,5,6,3,4,8,7,2 61 0
stab|9263911 7,8,1,2,3,4,5,6,9 255 0
stab|9263911 3,4,5,6,7,8,1,2,9 255 0
stab|9270204 8,3,2,6,7,4,5,1,9 135 0
stab|9270204 2,5,8,9,1,4,3,7,6 17 0
stab|9270204 5,1,7,6,2,9,8,3,4 18 0
stab|9272307 6,2,5,8,3,1,9,4,7 53 0
stab|9273037 8,9,1,4,3,2,6,5,7 113 0
stab|9273037 3,6,5,4,8,7,9,1,2 59 0
stab|9274041 3,4,6,5,2,1,8,9,7 15 0
stab|9274041 6,5,1,2,4,3,9,7,8 51 0
stab|9274750 7,8,4,3,6,5,1,2,9 243 0
stab|9275578 6,2,9,7,8,1,4,5,3 33 0
stab|9275789 2,1,9,6,8,4,7,5,3 43 0
stab|9275789 8,5,4,9,1,3,7,2,6 229 0
stab|9275789 5,8,6,3,2,9,7,1,4 142 0
stab|9275941 5,3,2,6,1,4,9,8,7 23 0
stab|9275997 8,6,7,5,4,2,3,1,9 255 0
stab|9276031 8,7,4,9,1,2,6,5,3 195 0
stab|9276031 5,6,9,3,8,7,2,1,4 51 0
stab|9276271 4,2,8,1,9,7,6,3,5 11 0
stab|9276355 2,9,8,3,6,7,5,4,1 122 0
stab|9276355 9,1,4,8,7,5,6,3,2 241 0
stab|9276577 1,5,8,6,2,4,9,3,7 19 0
stab|9276578 3,7,1,9,5,8,2,6,4 87 0
stab|9276578 3,8,5,6,1,7,4,9,2 130 0
stab|9276578 5,9,1,7,3,4,6,2,8 253 0
stab|9276578 1,6,5,8,3,2,9,4,7 55 0
stab|9276579 5,4,8,7,6,1,2,9,3 27 0
stab|9276579 6,7,9,2,1,5,4,3,8 99 0
stab|9276589 5,2,8,6,3,9,4,1,7 225 0
stab|9276589 8,2,5,7,1,4,9,3,6 115 0
stab|9276590 2,1,4,3,8,9,7,5,6 12 0
stab|9276594 8,7,5,2,6,3,4,9,1 195 0
stab|9276594 9,4,6,7,3,5,2,1,8 244 0
edge|5000000|38|4919368 1,9,3,7,6,5,4,8,2 129 0
edge|5000000|41|5252845 3,9,1,2,6,5,4,8,7 195 0
edge|5000003|59|5083764 9,1,4,5,6,7,3,2,8 129 0
edge|5000006|82|5200076 6,7,8,5,4,3,2,1,9 31 0
edge|5000010|47|4825004 9,1,2,4,5,6,7,8,3 255 0
edge|5000016|19|4138615 8,7,6,5,4,9,1,2,3 7 0
edge|5000022|28|5264844 9,3,4,5,6,2,1,7,8 195 0
edge|5000022|70|5664073 8,7,1,2,6,5,4,3,9 195 0
edge|5000023|43|5414979 7,6,2,3,4,5,8,9,1 31 0
edge|5000025|51|4419235 3,4,5,8,7,6,2,1,9 31 0
edge|5000026|57|4439744 9,1,2,6,7,8,5,4,3 31 0
edge|5000026|81|4029989 6,2,1,9,3,4,5,8,7 195 0
edge|5000027|62|4339377 1,2,6,7,3,4,5,8,9 124 0
edge|5000027|81|4150008 9,8,5,4,3,7,6,2,1 124 0
edge|5000027|119|5220997 2,6,7,3,8,5,4,9,1 229 0
edge|5000029|22|5180319 7,8,4,5,6,2,1,9,3 195 0
edge|5000036|30|3460487 8,9,1,4,5,6,2,3,7 71 0
edge|5000039|42|5202657 4,1,9,8,3,2,6,7,5 113 0
edge|5000053|64|5590692 6,2,3,8,9,1,4,5,7 33 0
edge|5000064|54|5462899 8,7,6,5,4,1,2,3,9 248 0
edge|5000111|99|4775397 5,4,2,1,9,3,8,7,6 27 0
edge|5000114|33|5590659 4,5,8,3,7,6,2,1,9 27 0
edge|5000139|96|5854146 8,3,9,1,2,4,5,6,7 123 0
edge|5000140|6|6106301 2,1,9,3,8,4,5,7,6 123 0
edge|5000202|50|4633703 1,9,5,4,3,8,7,6,2 253 0
edge|5000241|56|6300828 6,5,8,7,3,4,9,1,2 51 0
edge|5000268|67|6443546 8,5,6,2,3,4,9,1,7 113 0
edge|5000278|107|6386085 3,4,5,6,2,8,7,1,9 253 0
edge|5000279|5|3472522 2,1,7,6,5,4,3,9,8 0 0
edge|5000415|108|3689151 3,7,8,4,5,6,9,1,2 59 0
edge|5000417|13|3750770 3,2,1,9,5,6,7,8,4 247 0
edge|5000430|38|4310671 8,9,3,4,5,6,7,1,2 0 0
edge|5000493|7|5844766 8,2,6,5,4,3,7,1,9 253 0
edge|5000573|101|4793946 1,9,8,5,4,3,2,6,7 31 0
edge|5000584|52|5931490 2,1,7,6,5,4,3,8,9 0 0
edge|5000609|61|5779558 3,4,5,6,7,1,2,9,8 127 0
edge|5000641|113|4305628 9,2,1,7,6,3,4,5,8 227 0
edge|5000672|66|6062601 6,5,4,2,3,8,9,1,7 65 0
edge|5000672|80|6376674 5,6,7,8,3,2,1,9,4 247 0
edge|5000676|63|5536726 2,1,9,3,8,7,6,5,4 3 0
edge|5000680|23|4839305 5,7,6,8,9,1,2,3,4 15 0
edge|5000873|97|5390669 2,8,7,3,4,5,6,9,1 253 0
edge|5000898|47|5843612 9,1,7,3,4,5,6,2,8 253 0
edge|5001010|117|6232533 1,5,6,7,8,4,2,3,9 240 0
edge|5001018|28|3646426 9,6,5,4,8,7,3,2,1 56 0
edge|5001030|77|5069004 3,4,8,7,6,5,2,1,9 15 0
edge|5001073|104|6033269 7,1,9,8,3,2,4,5,6 65 0
edge|5001083|103|5536913 8,5,4,3,2,6,7,1,9 225 0
edge|5001210|43|4601739 7,6,5,8,2,3,4,9,1 129 0
edge|5001210|46|5832120 1,9,4,3,7,6,5,8,2 129 0
edge|5001211|106|5693812 1,9,4,3,2,8,5,6,7 129 0
edge|5001236|59|5587865 9,1,2,3,6,7,8,5,4 31 0
edge|5001304|92|5457998 6,5,4,3,2,1,7,8,9 0 0
edge|5001317|112|6518041 4,3,6,7,1,2,9,8,5 115 0
edge|5001393|88|5627588 3,1,2,9,8,7,6,5,4 7 0
edge|5001401|22|4598547 7,6,5,8,4,9,1,2,3 135 0
edge|5001410|69|6230644 2,8,7,6,5,4,1,9,3 3 0
edge|5001427|63|5398721 4,3,2,5,6,7,8,9,1 15 0
edge|5001444|35|6509832 3,7,6,2,1,9,8,5,4 27 0
edge|5001458|79|5182312 2,6,7,1,9,8,5,4,3 125 0
edge|5001461|61|5047330 2,6,7,1,4,5,8,9,3 26 0
edge|5001482|78|6472680 9,8,4,3,7,6,5,2,1 124 0
edge|5001490|71|6444634 3,7,6,2,1,4,5,8,9 124 0
edge|5001583|51|6428010 1,2,3,9,8,6,7,5,4 0 0
edge|5001614|78|4323187 4,5,8,9,1,2,6,7,3 27 0
edge|5001618|84|5430079 5,8,9,1,2,3,7,6,4 119 0
edge|5001741|97|6017928 7,3,9,1,2,4,8,5,6 59 0
edge|5001781|102|4496894 9,1,2,3,4,7,6,5,8 143 0
edge|5001819|111|5165572 7,6,5,8,9,1,2,3,4 127 0
edge|5001924|14|5192088 2,3,4,9,8,5,6,7,1 113 0
edge|5001924|102|5558891 5,6,7,1,2,3,4,9,8 0 0
edge|5001997|100|5671400 1,9,8,5,4,6,7,3,2 25 0
edge|5002000|61|5204969 4,5,8,9,2,6,7,1,3 26 0
edge|5002063|53|6280576 4,3,6,7,8,9,2,1,5 15 0
edge|5002087|103|6223033 3,4,5,6,7,1,2,8,9 127 0
edge|5002096|112|6493235 8,5,4,3,6,7,1,2,9 227 0
edge|5002270|104|4701367 2,3,4,5,8,7,6,9,1 225 0
edge|5002272|50|5813820 4,3,2,1,9,8,6,7,5 15 0
edge|5002480|69|5248630 9,6,7,8,4,5,1,2,3 231 0
edge|5002507|38|4032291 1,4,5,6,7,8,2,3,9 248 0
edge|5002531|113|5458717 5,6,7,8,9,3,4,2,1 0 0
edge|5002536|100|6111886 4,3,9,2,1,8,7,6,5 243 0
edge|5002540|113|5588025 8,9,2,1,3,4,5,6,7 127 0
edge|5002549|79|5035788 9,3,2,1,4,5,6,7,8 248 0
edge|5002550|102|5808204 5,4,1,2,3,6,7,8,9 7 0
edge|5002553|90|4668163 3,6,7,8,9,5,4,1,2 28 0
edge|5002554|43|5284439 9,2,3,8,7,6,5,4,1 254 0
edge|5002555|31|5608561 9,1,4,5,3,2,6,7,8 225 0
edge|5002555|41|5522140 6,2,3,5,4,1,9,8,7 33 0
edge|5002556|44|4060586 9,1,2,3,5,4,8,7,6 31 0
edge|5002556|48|4051213 8,4,5,3,2,1,9,6,7 127 0
edge|5002565|65|4251744 6,3,2,1,4,5,7,8,9 7 0
edge|5002585|57|3811080 9,8,7,5,4,1,2,3,6 7 0
edge|5002586|91|5934594 9,8,7,5,4,1,2,6,3 7 0
edge|5002587|116|5627103 5,7,8,9,3,6,2,1,4 40 0
edge|5002588|72|5974250 6,5,4,1,2,3,9,8,7 56 0
edge|5002591|81|5257325 8,7,5,4,3,6,2,1,9 223 0
edge|5002610|95|4484605 3,2,1,4,5,9,8,7,6 24 0
edge|5002625|22|4784658 4,5,8,7,6,9,1,2,3 231 0
edge|5002641|6|6361300 1,2,3,4,8,7,6,5,9 240 0
edge|5002641|43|4882895 1,9,6,7,8,5,4,3,2 225 0
edge|5002641|89|5672816 9,8,7,6,5,4,1,2,3 7 0
edge|5002641|110|5878095 9,8,7,6,3,2,1,4,5 7 0
edge|5002645|41|4168366 9,1,2,3,4,8,7,6,5 15 0
edge|5002666|8|5638304 6,7,8,9,3,2,1,4,5 24 0
edge|5002668|77|4189397 9,5,6,7,8,4,3,2,1 240 0
edge|5002726|89|6172391 3,6,5,4,1,7,8,9,2 58 0
edge|5002734|29|5972843 8,4,1,2,3,9,5,6,7 120 0
edge|5002735|48|4214786 3,2,1,9,6,7,8,4,5 231 0
edge|5002742|104|5662641 6,5,7,8,4,3,2,1,9 15 0
edge|5002748|75|5877431 3,2,1,9,6,7,8,5,4 231 0
edge|5002753|104|6520431 2,1,4,5,7,8,9,6,3 35 0
edge|5002760|104|4383905 9,7,8,4,5,6,3,2,1 56 0
edge|5002763|49|6424784 7,8,1,2,9,3,4,5,6 195 0
edge|5002765|98|4532846 4,1,2,3,9,5,6,7,8 248 0
edge|5002786|117|6236089 5,6,3,2,1,7,8,9,4 48 0
edge|5002794|97|5337359 4,7,6,5,9,8,3,2,1 112 0
edge|5002810|113|4946029 7,8,4,5,3,9,1,2,6 195 0
edge|5002844|64|6174731 5,8,7,6,2,1,9,3,4 19 0
edge|5002861|114|5998556 8,9,3,4,5,1,2,6,7 96 0
edge|5002911|69|5543074 4,8,7,5,6,9,1,2,3 247 0
edge|5002926|60|5401815 4,5,6,9,8,7,1,2,3 56 0
edge|5002940|65|4445561 3,4,1,2,9,5,6,7,8 243 0
edge|5002940|87|4401636 6,7,8,3,4,1,2,9,5 19 0
edge|5002957|71|5912430 7,6,5,9,2,3,4,1,8 126 0
edge|5002960|34|5951559 8,1,4,3,2,9,5,6,7 126 0
edge|5002974|56|4461800 2,1,4,3,8,7,6,5,9 252 0
edge|5003057|85|4083627 1,8,7,6,5,4,3,9,2 2 0
edge|5003119|53|5445321 4,5,6,7,1,2,3,9,8 0 0
edge|5003128|93|5527003 9,7,8,4,5,6,1,2,3 63 0
edge|5003128|117|5595103 1,6,5,4,8,7,9,3,2 57 0
edge|5003150|94|3932350 2,5,4,8,7,6,1,9,3 227 0
edge|5003152|45|3964514 1,6,7,8,4,5,2,3,9 24 0
edge|5003172|76|4693873 9,8,4,5,6,7,1,2,3 127 0
edge|5003253|91|4982862 2,8,4,5,6,7,3,9,1 129 0
edge|5003275|112|6495199 7,6,5,4,1,9,3,2,8 129 0
edge|5003316|107|5926982 9,3,4,5,2,1,6,7,8 227 0
edge|5003321|93|5988257 3,4,5,2,8,7,6,1,9 253 0
edge|5003332|90|5692709 9,1,6,7,8,2,5,4,3 253 0
edge|5003366|107|5846018 8,2,3,7,6,5,4,1,9 129 0
edge|5003382|113|4653622 5,6,1,2,8,7,9,3,4 51 0
edge|5003529|29|4324591 8,4,5,6,7,1,9,3,2 121 0
edge|5003535|26|4696933 3,7,6,5,4,1,9,8,2 3 0
edge|5003566|80|4693962 5,2,3,9,1,7,6,8,4 241 0
edge|5003568|73|5928043 8,4,5,2,3,9,1,7,6 121 0
edge|5003568|116|5035465 3,9,1,7,6,8,4,5,2 227 0
edge|5003589|72|4957562 6,7,1,9,3,2,5,4,8 121 0
edge|5003606|81|4426884 6,2,3,9,1,7,8,4,5 225 0
edge|5003607|75|3912785 8,4,5,6,2,3,9,1,7 121 0
edge|5003633|21|6471665 5,4,3,2,7,8,9,1,6 33 0
edge|5003649|28|4170365 8,4,5,2,3,9,1,6,7 121 0
edge|5003693|24|5512584 9,3,2,1,8,7,6,5,4 248 0
edge|5003727|93|5777728 7,6,5,4,3,2,1,8,9 127 0
edge|5003744|98|6418912 6,1,2,3,9,8,7,4,5 24 0
edge|5003864|6|3522158 3,4,5,6,1,9,8,7,2 61 0
edge|5003878|17|5314746 9,1,2,5,6,7,8,4,3 15 0
edge|5003995|40|6021230 4,5,6,8,7,2,1,9,3 251 0
edge|5004014|84|6033019 3,9,1,2,7,8,6,5,4 251 0
edge|5004069|68|4455909 8,2,3,9,1,4,5,6,7 129 0
edge|5004172|124|6112240 6,7,8,1,2,9,3,4,5 224 0
edge|5004182|96|5570017 5,6,8,7,9,1,2,3,4 15 0
edge|5004213|73|5451709 1,7,6,5,4,8,9,3,2 121 0
edge|5004215|83|6401381 4,5,2,3,7,6,1,9,8 103 0
edge|5004224|43|6191008 1,2,5,6,7,3,4,8,9 124 0
edge|5004232|107|6419365 6,7,9,1,2,3,8,4,5 31 0
edge|5004320|62|4418789 8,3,2,1,9,7,6,5,4 7 0
edge|5004426|14|4411594 4,5,6,7,9,1,2,3,8 7 0
edge|5004636|88|5277543 1,9,8,7,6,5,2,3,4 15 0
edge|5004680|80|5987532 7,6,5,2,1,9,3,4,8 131 0
edge|5004701|56|6176306 4,3,2,5,6,7,8,1,9 15 0
edge|5004701|89|4076986 8,7,6,5,2,3,4,9,1 241 0
edge|5004709|124|5349035 1,2,6,5,4,3,9,8,7 3 0
edge|5004717|30|3911568 9,1,7,6,5,2,3,4,8 241 0
edge|5004749|52|3929085 3,2,5,6,7,1,9,8,4 121 0
edge|5004786|84|5853218 1,9,8,7,4,3,2,5,6 15 0
edge|5004907|18|5909531 6,9,1,2,3,4,5,8,7 63 0
edge|5004916|14|4175652 9,1,2,3,7,8,4,5,6 199 0
edge|5004916|59|5951487 6,2,1,9,3,7,8,4,5 27 0
edge|5005053|24|4539438 6,2,3,7,8,1,9,4,5 33 0
edge|5005205|45|6470756 7,8,4,3,2,5,6,1,9 241 0
edge|5005246|37|5892937 6,5,2,3,4,7,8,9,1 15 0
edge|5005305|38|4233098 8,7,1,9,3,2,6,5,4 249 0
edge|5005309|45|4466575 6,5,4,8,7,1,9,3,2 193 0
edge|5005310|8|5601965 4,3,2,7,1,9,8,6,5 79 0
edge|5005337|13|5973613 1,6,5,4,3,2,9,8,7 63 0
edge|5005341|54|5960526 4,3,2,9,8,7,1,6,5 14 0
edge|5005354|103|5476790 3,4,1,7,6,5,9,8,2 115 0
edge|5005376|9|5460631 9,5,6,7,3,2,1,4,8 247 0
edge|5005376|43|5038989 5,9,1,2,3,7,6,8,4 247 0
edge|5005413|44|5816041 8,7,6,5,9,3,2,1,4 248 0
edge|5005456|103|5353998 4,5,6,7,3,9,1,2,8 3 0
edge|5005472|105|6298326 5,4,8,6,7,3,9,1,2 27 0
edge|5005473|30|5695242 2,8,6,7,3,4,5,9,1 253 0
edge|5005474|29|5832933 2,8,6,7,1,9,5,4,3 253 0
edge|5005476|93|5032007 4,1,9,8,6,7,3,2,5 17 0
edge|5005477|68|4715972 1,9,5,4,3,7,6,8,2 253 0
edge|5005506|49|4593015 3,4,5,9,1,7,6,8,2 253 0
edge|5005651|11|5105533 7,8,2,1,4,5,6,9,3 248 0
edge|5005672|44|4696240 2,1,4,5,6,7,8,9,3 3 0
edge|5005675|95|5473949 9,5,6,7,1,4,3,2,8 241 0
edge|5005903|48|4524802 4,3,2,1,9,7,8,6,5 15 0
edge|5005949|22|4320242 2,3,9,1,7,6,5,4,8 121 0
edge|5005974|103|6008416 2,3,9,1,8,4,5,6,7 121 0
edge|5006009|40|5782588 4,5,6,7,9,1,2,8,3 7 0
edge|5006026|88|4460926 4,5,6,7,9,1,8,2,3 7 0
edge|5006034|25|5698594 7,6,5,4,3,8,2,1,9 127 0
edge|5006053|58|5403749 4,1,9,5,6,2,3,7,8 49 0
edge|5006059|98|5263266 7,8,9,1,4,5,3,2,6 33 0
edge|5006061|42|4847290 6,2,3,4,1,7,8,9,5 30 0
edge|5006061|117|5388029 8,7,1,4,3,2,6,5,9 241 0
edge|5006066|36|5406358 1,4,3,2,6,5,9,8,7 49 0
edge|5006099|110|6320165 2,3,7,8,5,4,1,9,6 231 0
edge|5006109|12|4072519 8,9,5,6,2,1,4,3,7 124 0
edge|5006109|71|4051007 4,1,2,6,5,9,8,7,3 56 0
edge|5006364|113|5873216 3,2,6,5,4,8,9,1,7 121 0
edge|5006369|67|6270722 4,5,9,1,2,6,8,7,3 27 0
edge|5006469|60|4009753 9,1,2,3,6,5,4,8,7 199 0
edge|5006494|85|5483722 1,7,8,9,6,5,4,3,2 62 0
edge|5006632|63|6223054 1,4,5,8,7,3,2,6,9 56 0
edge|5006679|104|5879832 5,4,8,7,3,9,1,2,6 27 0
edge|5006705|20|4705628 8,6,5,4,3,2,7,1,9 255 0
edge|5006754|119|6148871 7,3,4,1,2,6,5,9,8 124 0
edge|5006823|67|6297912 5,4,3,6,2,1,7,8,9 32 0
edge|5006880|49|6107439 6,3,2,1,9,7,8,4,5 31 0
edge|5006999|101|4140800 7,8,4,5,6,3,2,1,9 199 0
edge|5007335|4|6089202 4,5,6,8,9,1,2,7,3 71 0
edge|5007367|26|5032777 5,7,8,9,1,2,6,3,4 15 0
edge|5007394|27|4371967 3,7,2,1,9,8,6,5,4 71 0
edge|5007432|84|5843149 7,8,9,5,6,2,3,4,1 49 0
edge|5007531|48|5194553 6,5,4,8,9,3,2,1,7 56 0
edge|5007826|55|5359028 2,3,9,8,4,5,6,7,1 121 0
edge|5008074|20|3639712 1,4,5,6,2,3,7,8,9 56 0
edge|5008167|70|5910312 9,8,7,1,2,6,5,4,3 60 0
edge|5008282|122|5939400 8,7,4,3,2,1,9,5,6 63 0
edge|5008309|53|4456781 5,6,2,3,4,1,9,8,7 49 0
edge|5008332|42|5987704 7,1,9,8,4,5,6,2,3 121 0
edge|5008376|41|6381337 5,6,2,3,7,8,9,1,4 49 0
edge|5008394|116|5959390 4,5,6,8,9,1,7,2,3 71 0
edge|5008469|98|4593847 2,6,5,3,4,7,8,9,1 61 0
edge|5008501|122|6229457 2,1,7,8,9,4,3,5,6 0 0
edge|5008525|41|4012907 6,5,4,3,9,1,2,7,8 195 0
edge|5008525|50|6178027 2,7,8,6,5,4,3,9,1 1 0
edge|5008525|80|4477561 6,8,7,2,1,9,3,4,5 227 0
edge|5008526|20|6201707 8,7,2,1,9,3,4,5,6 195 0
edge|5008545|81|5798200 5,6,2,1,7,8,9,3,4 48 0
edge|5008615|60|4322733 1,9,8,7,5,6,2,3,4 15 0
edge|5008633|112|5964854 9,1,2,3,4,7,8,6,5 15 0
edge|5008851|86|5652610 1,9,8,4,3,2,6,5,7 15 0
edge|5008856|22|4932140 5,6,8,9,3,2,7,1,4 8 0
edge|5009384|55|6452121 2,3,4,1,9,5,6,8,7 241 0
edge|5009385|89|6458400 8,7,2,3,4,1,9,5,6 49 0
edge|5009392|106|6414054 3,7,1,4,5,6,2,8,9 71 0
edge|5009448|120|6227514 2,6,5,4,1,9,8,7,3 3 0
edge|5010506|78|5766638 4,3,5,6,2,7,8,9,1 61 0
edge|5010550|22|5105079 4,5,6,2,1,9,3,7,8 3 0
edge|5010579|124|4889429 1,3,4,5,6,2,7,8,9 60 0
edge|5011029|81|5574176 8,6,5,4,3,2,1,9,7 191 0
edge|5011041|49|4757622 5,4,9,1,8,7,3,2,6 33 0
edge|5011042|108|4362762 7,8,9,1,4,5,6,2,3 7 0
edge|5011062|123|6512374 6,5,3,2,1,4,7,8,9 8 0
edge|5011135|57|5500942 6,7,8,9,4,1,2,3,5 23 0
edge|5011153|52|5743325 4,1,9,8,7,2,6,5,3 53 0
edge|5011406|27|5973109 9,8,7,4,5,6,3,2,1 56 0
edge|5011408|65|5987150 9,1,2,3,6,5,4,7,8 199 0
edge|5011411|23|5350369 8,7,1,2,3,4,5,6,9 255 0
edge|5011411|104|5972314 5,4,3,2,7,8,1,9,6 33 0
edge|5011411|113|5583091 3,4,5,6,9,1,7,8,2 253 0
edge|5011421|91|5775212 4,5,6,3,2,1,9,8,7 7 0
edge|5011441|99|6054635 8,9,4,5,6,3,2,1,7 71 0
edge|5011450|28|4283514 9,6,5,4,1,7,8,2,3 62 0
edge|5011461|28|4193108 2,3,6,5,4,9,8,7,1 6 0
edge|5011535|104|6321291 3,2,8,7,1,4,5,6,9 62 0
edge|5011662|79|6151205 3,2,1,9,6,8,7,5,4 231 0
edge|5011712|90|5391267 3,9,6,5,4,1,2,8,7 248 0
edge|5011786|124|5944769 5,6,9,1,8,7,2,3,4 49 0
edge|5011805|69|5592833 9,1,7,8,6,2,5,4,3 253 0
edge|5011820|99|6054224 1,2,6,7,8,5,4,3,9 224 0
edge|5011843|88|4405233 4,3,9,1,2,6,7,8,5 19 0
edge|5011844|69|5137269 5,4,3,9,1,2,6,7,8 3 0
edge|5011845|95|4405507 4,5,8,7,6,2,1,9,3 27 0
edge|5011863|72|6456434 3,2,6,7,8,5,4,9,1 225 0
edge|5011865|110|5563370 6,3,2,1,9,4,5,8,7 199 0
edge|5011987|109|4390562 4,3,7,6,2,1,9,8,5 19 0
edge|5012276|90|4890543 8,6,2,3,4,5,9,1,7 95 0
edge|5012767|68|5047519 8,6,5,9,1,2,7,3,4 255 0
edge|5012821|10|4929973 4,1,9,8,7,2,3,6,5 49 0
edge|5012908|6|5978984 2,6,8,7,1,9,3,4,5 225 0
edge|5012909|92|5272029 3,4,5,2,6,8,7,1,9 253 0
edge|5012935|37|4443435 3,4,5,6,8,7,2,1,9 255 0
edge|5012935|121|5634028 4,5,6,2,8,7,1,9,3 249 0
edge|5012938|86|4475617 2,6,5,4,3,9,1,7,8 195 0
edge|5012964|105|4060899 1,9,3,4,5,8,7,6,2 225 0
edge|5012964|107|4437774 8,7,6,2,1,9,3,4,5 3 0
edge|5012987|104|5634036 6,5,4,3,9,1,7,8,2 193 0
edge|5013011|102|5794187 5,4,3,2,1,9,6,7,8 255 0
edge|5013013|119|6459387 9,1,3,2,6,7,8,5,4 31 0
edge|5013041|0|6054409 6,5,8,7,1,9,4,3,2 193 0
edge|5013041|101|4892417 4,9,1,7,8,5,6,2,3 199 0
edge|5013064|56|6167662 3,9,1,7,8,2,6,5,4 249 0
edge|5013065|65|4438441 4,3,9,1,7,8,2,6,5 241 0
edge|5013122|10|4459419 2,8,7,1,9,3,4,5,6 193 0
edge|5013145|77|5990461 3,2,8,7,1,9,4,5,6 193 0
edge|5013190|76|5950693 4,3,2,6,7,1,9,8,5 113 0
edge|5013236|55|5319233 9,1,7,6,2,3,4,5,8 225 0
edge|5013256|95|5442663 4,3,2,1,7,6,5,8,9 127 0
edge|5013418|66|4902451 9,4,5,6,2,3,1,7,8 199 0
edge|5013447|67|5574945 4,5,6,3,2,8,7,1,9 249 0
edge|5013491|125|3905448 8,7,1,2,3,6,5,4,9 199 0
edge|5013639|109|4463794 9,1,7,8,2,6,5,4,3 253 0
edge|5013641|12|4892427 8,6,2,1,9,5,4,3,7 95 0
edge|5013643|40|4890696 6,8,7,3,4,5,9,1,2 255 0
edge|5013854|55|5817681 9,1,2,3,4,5,8,7,6 31 0
edge|5013898|114|6041154 4,5,6,3,2,9,8,7,1 6 0
edge|5013940|15|5678493 1,9,8,7,6,3,4,5,2 29 0
edge|5014073|28|5930052 7,2,3,4,5,6,8,9,1 1 0
edge|5014074|25|5898294 7,1,9,8,6,5,4,3,2 65 0
edge|5014176|102|5574434 9,4,5,6,2,3,7,8,1 198 0
edge|5014195|119|6455128 8,9,1,6,5,4,3,2,7 127 0
edge|5014209|61|4692938 9,5,6,2,3,4,1,7,8 241 0
edge|5014269|86|5996222 3,2,1,9,5,6,8,7,4 247 0
edge|5014277|52|5198448 4,5,6,2,3,7,1,9,8 71 0
edge|5014314|115|5954972 5,8,9,1,7,6,2,3,4 113 0
edge|5014338|106|4092095 2,6,5,4,8,9,1,7,3 125 0
edge|5014346|122|5815953 7,5,6,2,3,4,8,9,1 15 0
edge|5014433|65|5576984 6,5,4,2,3,9,1,7,8 193 0
edge|5014502|78|6231322 6,5,9,1,4,3,2,7,8 49 0
edge|5014639|64|5867739 5,6,7,8,9,3,2,1,4 8 0
edge|5014662|38|3784769 9,8,7,3,2,6,5,4,1 56 0
edge|5014674|42|4624912 2,7,8,1,9,6,5,4,3 61 0
edge|5014763|82|5389669 4,1,2,3,9,8,7,6,5 8 0
edge|5015009|27|6383671 5,4,1,9,2,3,7,8,6 231 0
edge|5015015|62|5435476 5,6,3,2,7,8,9,1,4 49 0
edge|5015042|69|5174182 7,8,2,1,9,6,5,4,3 63 0
edge|5015061|38|5136493 7,8,9,1,2,5,4,3,6 35 0
edge|5015065|81|5764438 6,2,5,4,3,1,9,8,7 61 0
edge|5015073|120|5769592 6,7,8,9,1,3,4,5,2 29 0
edge|5015311|112|5265968 6,5,4,3,9,8,7,1,2 0 0
edge|5015564|17|4784891 2,3,4,5,6,9,8,7,1 62 0
edge|5015611|117|5461414 8,9,4,3,2,1,7,6,5 0 0
edge|5016102|62|5348196 6,5,4,3,7,8,2,1,9 3 0
edge|5016342|87|5157926 5,6,8,9,1,7,2,3,4 79 0
edge|5016461|114|4701681 7,8,9,3,4,5,6,2,1 3 0
edge|5016702|79|5558540 5,4,3,2,1,7,6,8,9 0 0
edge|5016951|20|5722833 5,4,3,7,1,9,8,2,6 95 0
edge|5017436|8|4467748 9,1,7,8,2,3,4,5,6 193 0
edge|5017684|12|4692663 3,2,1,7,6,5,4,8,9 127 0
edge|5017724|105|5950595 3,4,5,6,8,9,1,7,2 67 0
edge|5017725|7|5954618 2,7,1,9,8,6,5,4,3 67 0
edge|5018262|113|4256932 2,6,5,4,8,7,1,9,3 195 0
edge|5018590|91|5941409 9,2,3,4,5,6,1,7,8 255 0
edge|5018739|25|4353316 6,5,4,1,9,8,7,3,2 1 0
edge|5019092|60|5588449 8,7,6,5,2,3,4,1,9 241 0
edge|5019548|14|4110087 1,7,8,2,3,4,5,6,9 62 0
edge|5019951|40|5246209 1,9,6,5,4,3,7,8,2 253 0
edge|5020067|47|5633659 1,2,7,3,4,5,6,8,9 0 0
edge|5020112|57|4155577 6,7,3,4,5,8,9,1,2 127 0
edge|5020437|117|5080393 2,3,4,1,9,8,7,6,5 1 0
edge|5020656|44|4225335 3,4,5,6,8,9,1,2,7 67 0
edge|5020910|73|6231784 3,9,1,4,5,6,7,8,2 3 0
edge|5021072|23|3545617 5,4,3,2,6,7,8,9,1 31 0
edge|5021426|4|6051078 3,2,8,7,1,9,6,5,4 249 0
edge|5021445|103|6441698 9,5,4,1,7,6,8,2,3 30 0
edge|5021453|30|4371451 4,5,6,9,1,7,8,2,3 249 0
edge|5021526|71|4887663 2,8,7,1,9,5,6,4,3 253 0
edge|5021696|28|4703067 7,3,4,5,6,2,8,9,1 3 0
edge|5021713|77|4391476 4,3,2,8,7,1,9,6,5 241 0
edge|5021768|92|4154886 8,2,3,4,5,6,9,1,7 127 0
edge|5021867|43|4438927 4,1,9,3,2,8,7,6,5 241 0
edge|5022459|80|6054978 1,7,8,2,3,9,6,5,4 249 0
edge|5022708|19|5699031 5,4,3,2,8,6,7,1,9 225 0
edge|5022708|54|3919981 7,6,8,2,3,4,5,9,1 31 0
edge|5023423|88|5996030 8,2,3,4,5,9,1,7,6 127 0
edge|5023575|49|6539577 3,2,6,4,5,8,9,1,7 121 0
edge|5023578|73|5934552 7,1,9,5,4,3,2,8,6 95 0
edge|5023581|2|5782671 2,3,4,5,9,1,7,6,8 255 0
edge|5023653|107|5480119 9,8,6,7,1,2,3,4,5 0 0
edge|5023909|27|5397054 6,7,1,2,3,4,5,9,8 127 0
edge|5024057|122|5745465 2,3,4,5,6,8,9,1,7 65 0
edge|5024497|102|5951369 1,9,8,6,5,4,3,2,7 1 0
edge|5024888|119|5138738 6,9,1,7,8,2,3,4,5 225 0
edge|5024959|25|3610158 1,2,3,4,9,8,7,6,5 0 0
edge|5025087|107|5667493 4,8,7,3,2,9,1,6,5 247 0
edge|5025087|118|5350400 1,9,3,7,8,4,5,6,2 57 0
edge|5025207|29|6442922 4,8,7,9,1,6,5,2,3 57 0
edge|5025345|91|4476935 2,1,9,8,6,5,4,3,7 3 0
edge|5025402|64|4477158 7,3,4,5,6,8,9,1,2 3 0
edge|5025661|59|5536723 8,9,1,7,2,3,4,5,6 127 0
edge|5026321|48|5379110 9,1,7,3,2,6,5,4,8 199 0
edge|5026321|59|3553878 6,5,4,8,9,1,7,3,2 127 0
edge|5026343|22|5971557 2,3,7,1,9,8,4,5,6 127 0
edge|5026978|92|4461780 3,2,1,9,6,5,4,8,7 63 0
edge|5027661|113|5910222 8,9,1,7,3,4,5,6,2 125 0
edge|5028221|117|4450354 1,9,8,7,3,2,6,5,4 57 0
edge|5028281|17|4215451 4,5,6,9,1,2,3,7,8 255 0
edge|5028877|102|6315164 6,7,4,3,2,1,8,9,5 31 0
edge|5028911|13|6314598 4,8,6,5,9,1,7,2,3 247 0
edge|5029120|93|6519290 2,3,4,7,6,5,9,8,1 113 0
edge|5029124|28|4304978 8,1,2,3,4,7,6,5,9 240 0
edge|5029165|84|4905202 2,5,6,7,8,9,1,4,3 3 0
edge|5029607|51|5175526 5,6,8,4,3,7,2,1,9 79 0
edge|5030376|121|6065685 8,6,5,4,3,9,1,2,7 67 0
edge|5031347|110|5948919 4,3,2,7,8,1,9,6,5 49 0
edge|5031538|52|6384061 5,6,9,1,8,7,3,2,4 49 0
edge|5031592|22|6051109 7,8,2,3,9,1,4,5,6 193 0
edge|5031629|69|5202685 4,3,2,1,8,7,6,9,5 240 0
edge|5031635|57|5158140 1,9,5,4,8,6,7,3,2 25 0
edge|5031635|83|3554506 6,7,3,2,1,9,5,4,8 127 0
edge|5031639|99|6419867 1,9,6,8,7,5,4,3,2 225 0
edge|5031792|109|5974165 7,8,4,1,2,3,9,5,6 56 0
edge|5031832|24|4898044 8,6,5,4,1,7,2,3,9 184 0
edge|5031865|30|5553641 4,5,6,8,7,1,9,3,2 249 0
edge|5032962|106|5609243 6,7,8,9,2,1,3,4,5 31 0
edge|5032965|118|5947905 8,7,6,1,2,5,4,3,9 227 0
edge|5032981|48|5226183 5,4,9,1,2,3,6,7,8 7 0
edge|5032989|2|6127287 6,7,8,5,4,9,3,2,1 224 0
edge|5033127|50|5603503 4,5,6,1,7,8,9,2,3 6 0
edge|5033131|25|6426892 3,2,8,9,7,1,6,5,4 6 0
edge|5033172|82|5935108 4,5,6,1,2,3,9,7,8 0 0
edge|5033197|43|5971988 7,1,2,3,9,8,4,5,6 56 0
edge|5033364|41|6291827 2,3,4,6,5,9,8,7,1 62 0
edge|5033365|93|4694364 3,9,1,7,8,5,4,6,2 195 0
edge|5033367|101|5928442 6,2,3,9,1,7,8,5,4 225 0
edge|5033382|25|5965871 1,7,8,9,2,3,4,5,6 62 0
edge|5033382|75|6447860 1,7,8,9,4,5,6,3,2 6 0
edge|5033454|115|5950648 4,5,8,7,1,9,3,2,6 225 0
edge|5033458|99|5283852 3,2,7,8,9,1,4,5,6 1 0
edge|5033567|51|6010834 5,4,1,9,8,3,2,7,6 103 0
edge|5033577|17|6125347 4,5,6,1,7,9,8,2,3 6 0
edge|5033681|62|5509572 6,5,4,1,9,8,7,2,3 1 0
edge|5033701|2|5882888 9,8,7,1,2,3,4,5,6 0 0
edge|5033894|3|6279255 6,7,2,3,8,9,1,4,5 103 0
edge|5034231|77|5971527 8,9,5,4,3,2,1,7,6 127 0
edge|5034346|74|5939291 5,4,1,2,3,9,8,7,6 24 0
edge|5034456|6|5401798 9,8,7,6,4,5,3,2,1 0 0
edge|5034476|29|3628002 1,7,8,9,5,6,4,3,2 62 0
edge|5034482|4|4224004 6,5,4,3,9,8,2,1,7 67 0
edge|5034482|6|4647874 4,9,8,5,6,7,1,2,3 119 0
edge|5034482|10|4644394 4,8,9,3,2,1,7,6,5 8 0
edge|5034495|8|4501222 7,6,5,8,9,4,3,2,1 112 0
edge|5034571|114|4283124 4,8,7,6,5,9,1,2,3 247 0
edge|5034652|35|4634918 1,2,3,9,8,4,5,6,7 120 0
edge|5034653|49|6488334 2,3,9,8,5,4,6,7,1 121 0
edge|5034670|78|6417171 4,5,9,1,7,8,6,2,3 249 0
edge|5034684|22|4411246 2,3,4,5,9,1,7,8,6 255 0
edge|5034684|118|4415341 6,8,7,1,9,5,4,3,2 255 0
edge|5034688|22|4529667 3,4,5,9,8,6,7,1,2 28 0
edge|5034798|94|4891282 6,4,5,1,2,3,9,8,7 56 0
edge|5034799|87|3780026 9,3,2,1,5,4,6,7,8 248 0
edge|5034864|37|4696550 8,5,4,3,2,1,9,6,7 127 0
edge|5034902|10|5617926 6,7,8,5,9,1,2,3,4 31 0
edge|5034916|122|3981779 6,4,5,8,9,3,2,1,7 56 0
edge|5034929|23|4444183 6,2,3,4,5,1,9,8,7 33 0
edge|5035081|4|3813062 7,6,3,2,1,9,8,5,4 31 0
edge|5035081|54|3945235 4,5,8,9,1,2,3,6,7 31 0
edge|5035114|27|4976902 1,9,5,4,7,8,6,3,2 249 0
edge|5035120|57|4391355 9,5,4,3,2,1,6,7,8 255 0
edge|5035130|79|5474048 2,3,4,5,8,9,1,7,6 127 0
edge|5035142|29|3496645 7,1,9,5,4,3,2,6,8 95 0
edge|5035219|54|4418295 5,4,3,2,8,7,1,9,6 225 0
edge|5035399|33|5664018 2,1,7,8,9,3,4,5,6 0 0
edge|5035557|67|5512590 9,8,7,1,6,5,4,3,2 0 0
edge|5035676|81|5472842 5,4,3,2,7,1,9,8,6 95 0
edge|5035762|53|4323423 6,5,4,3,2,7,8,9,1 1 0
edge|5035960|120|4240293 6,1,2,3,4,5,9,8,7 63 0
edge|5036012|58|5629861 5,9,1,2,7,8,6,3,4 243 0
edge|5036051|66|4156098 3,4,5,9,8,7,6,1,2 28 0
edge|5036058|84|6510648 5,4,3,9,8,2,1,7,6 99 0
edge|5036172|104|5647964 4,5,8,7,6,3,2,1,9 31 0
edge|5036222|41|4522961 2,1,7,8,9,6,5,4,3 60 0
edge|5036226|75|5963558 3,4,5,6,9,8,7,1,2 60 0
edge|5036250|83|5935564 2,1,9,5,4,3,6,8,7 31 0
edge|5036270|64|5178132 7,8,9,2,3,4,5,6,1 63 0
edge|5036293|83|5633840 9,8,7,6,1,2,3,4,5 0 0
edge|5036293|92|4387369 1,6,8,9,5,4,3,2,7 94 0
edge|5036309|46|4313452 1,7,2,3,4,5,9,8,6 95 0
edge|5036324|13|4302858 1,9,8,7,2,3,4,5,6 1 0
edge|5036328|110|5480098 9,1,7,2,3,4,5,6,8 255 0
edge|5036333|51|5633694 6,7,8,9,5,4,3,2,1 31 0
edge|5036501|81|6125801 9,8,7,1,2,6,3,4,5 32 0
edge|5036515|101|6515104 9,8,6,1,2,3,7,4,5 0 0
edge|5036564|67|5916518 9,6,5,4,3,2,1,7,8 255 0
edge|5036592|34|6441671 6,8,9,5,4,7,3,2,1 95 0
edge|5036599|112|5984589 6,8,9,5,4,3,2,1,7 95 0
edge|5036605|42|5944510 7,1,2,3,4,5,9,8,6 95 0
edge|5036744|97|5944729 7,6,8,9,5,4,3,2,1 31 0
edge|5036796|61|4599847 4,1,2,3,6,7,8,9,5 23 0
edge|5036811|104|5973019 6,3,2,1,4,5,9,8,7 56 0
edge|5036836|58|5138633 8,9,5,4,3,2,1,6,7 127 0
edge|5036852|75|4155969 3,2,1,6,7,8,9,5,4 24 0
edge|5037031|95|5972283 5,4,3,2,1,9,7,8,6 31 0
edge|5037066|49|5936038 8,9,3,2,1,4,5,6,7 120 0
edge|5037105|85|4070355 9,8,6,1,7,2,3,4,5 0 0
edge|5037313|85|6135301 5,4,3,2,1,6,7,8,9 0 0
edge|5037420|123|5548913 2,3,4,1,5,6,7,8,9 1 0
edge|5037556|79|6057385 2,3,4,5,6,1,9,8,7 63 0
edge|5037711|29|3533199 6,8,9,5,4,3,2,7,1 95 0
edge|5037764|26|5558698 2,3,4,5,9,8,6,7,1 30 0
edge|5037986|112|5473392 1,7,6,8,9,5,4,3,2 30 0
edge|5038173|58|5144994 2,8,9,5,6,7,1,4,3 115 0
edge|5038297|58|6155752 1,9,3,2,8,7,6,5,4 249 0
edge|5038385|61|5852319 5,4,2,3,1,9,8,7,6 31 0
edge|5038417|104|6470045 1,9,4,5,6,3,2,7,8 199 0
edge|5038494|33|5195100 6,2,1,7,8,9,3,4,5 32 0
edge|5038499|23|5922080 5,4,3,9,8,7,1,2,6 32 0
edge|5038514|113|5971926 5,4,8,9,3,2,1,7,6 24 0
edge|5038585|11|5587997 7,8,9,1,4,5,6,3,2 7 0
edge|5038940|42|5963534 5,6,1,7,2,8,9,3,4 115 0
edge|5038940|60|4569712 4,3,9,8,2,7,1,6,5 115 0
edge|5038981|120|4041418 2,1,7,6,8,9,3,4,5 0 0
edge|5039330|79|4426881 6,8,9,3,4,5,2,1,7 67 0
edge|5039776|30|4155901 6,5,4,3,7,2,1,9,8 127 0
edge|5040327|21|5502470 2,3,9,4,5,6,7,8,1 1 0
edge|5040392|93|4984381 1,8,7,6,5,4,9,3,2 1 0
edge|5040404|23|5278010 4,3,9,7,8,2,1,6,5 51 0
edge|5040499|83|5499387 5,4,3,9,8,7,6,1,2 0 0
edge|5040941|75|6124080 5,4,3,9,7,1,2,8,6 160 0
edge|5041235|111|6111111 5,6,7,1,2,8,9,3,4 115 0
edge|5041302|47|5957909 4,5,6,7,8,9,3,2,1 0 0
edge|5041667|110|4892417 3,1,9,8,7,2,6,5,4 57 0
edge|5041708|5|3929769 5,6,8,7,2,3,4,1,9 1 0
edge|5041745|94|6204490 1,7,8,9,3,6,5,4,2 58 0
edge|5041786|109|5672216 4,1,7,2,3,9,8,6,5 8 0
edge|5041789|91|5432333 9,8,7,2,3,6,5,4,1 56 0
edge|5041823|116|5671966 8,7,1,2,9,3,4,5,6 195 0
edge|5041908|56|5977745 8,6,5,4,3,9,2,1,7 67 0
edge|5042002|44|3533769 8,7,1,9,3,4,5,6,2 195 0
edge|5042003|104|6387888 7,8,9,1,5,4,3,2,6 33 0
edge|5042184|69|6138578 4,5,7,8,9,6,3,2,1 32 0
edge|5042190|33|4172201 1,4,5,6,3,7,8,9,2 58 0
edge|5042256|68|3857545 2,1,9,7,8,4,5,6,3 59 0
edge|5042282|114|5850956 7,8,9,2,1,6,5,4,3 63 0
edge|5042287|84|5986066 6,9,8,7,1,2,3,4,5 32 0
edge|5042420|94|5663099 7,2,1,9,3,6,5,4,8 123 0
edge|5042425|121|5851357 8,4,5,6,3,9,1,2,7 123 0
edge|5042637|83|5295004 2,3,9,8,7,6,5,4,1 1 0
edge|5042716|121|5944696 5,6,7,1,2,3,9,8,4 8 0
edge|5042728|110|4064022 5,4,8,7,9,1,2,3,6 31 0
edge|5042740|61|4074685 4,5,6,3,2,7,1,9,8 71 0
edge|5042743|110|5219188 3,9,1,2,7,8,4,5,6 195 0
edge|5042835|56|4450109 3,2,7,1,9,8,4,5,6 127 0
edge|5042946|90|5971621 5,4,8,9,1,7,3,2,6 95 0
edge|5043047|54|4092142 5,6,2,3,7,1,9,8,4 79 0
edge|5043188|115|6577243 2,7,6,5,4,8,1,9,3 123 0
edge|5043281|11|4360888 8,2,3,9,1,7,6,5,4 249 0
edge|5043781|118|5024011 3,6,5,4,8,7,2,1,9 199 0
edge|5044095|57|4648015 1,7,8,9,3,4,5,6,2 2 0
edge|5044102|91|6176120 2,1,9,3,4,5,6,8,7 3 0
edge|5044447|94|5474257 9,8,7,5,6,4,3,2,1 0 0
edge|5044648|110|4093800 8,6,7,1,2,5,4,3,9 227 0
edge|5044762|107|3805624 4,5,2,1,7,6,8,9,3 24 0
edge|5044766|78|3948510 3,9,8,6,7,1,2,5,4 24 0
edge|5045040|114|5302427 4,8,6,7,1,9,3,2,5 241 0
edge|5045407|7|4977903 3,2,1,6,5,4,8,7,9 63 0
edge|5045493|60|4819249 6,5,4,1,9,8,2,3,7 71 0
edge|5045562|22|4969676 4,5,3,2,1,9,8,7,6 31 0
edge|5045762|92|5268582 8,4,5,7,6,3,2,1,9 135 0
edge|5045780|5|3702277 4,5,6,3,2,1,9,7,8 7 0
edge|5045780|44|3856621 9,8,7,2,3,4,5,6,1 0 0
edge|5045790|105|5945308 2,3,6,5,4,1,9,8,7 7 0
edge|5045799|119|6442999 4,9,1,8,7,2,3,6,5 49 0
edge|5045914|46|4207194 9,7,6,5,4,1,8,2,3 7 0
edge|5046006|78|4373052 8,9,7,3,2,1,6,5,4 0 0
edge|5046028|77|3863659 2,3,9,8,7,4,5,6,1 57 0
edge|5046041|120|4420618 3,8,4,5,6,7,9,1,2 131 0
edge|5046046|6|5528813 2,8,3,4,5,6,7,9,1 129 0
edge|5046055|113|5877416 8,1,9,4,5,6,7,2,3 1 0
edge|5046310|47|5909475 9,3,2,1,6,5,4,8,7 192 0
edge|5046355|33|3642924 6,1,2,3,7,9,8,4,5 24 0
edge|5046429|60|4140535 4,9,1,2,3,8,7,6,5 247 0
edge|5046742|40|5979427 4,5,6,8,7,9,1,2,3 7 0
edge|5047039|117|4475384 4,3,2,6,5,7,8,9,1 15 0
edge|5047413|123|6369410 9,8,7,2,6,5,4,3,1 60 0
edge|5047451|92|4034169 9,1,4,3,2,7,8,6,5 1 0
edge|5047541|21|3555469 7,8,9,3,2,1,4,5,6 56 0
edge|5047545|38|5258848 8,7,1,9,3,2,4,5,6 193 0
edge|5047599|57|4891199 6,7,5,4,1,2,3,9,8 120 0
edge|5047637|98|4699934 2,1,4,5,9,8,7,6,3 28 0
edge|5047710|116|4007782 7,8,9,1,6,5,4,3,2 63 0
edge|5047811|86|6135302 4,5,6,8,9,3,7,2,1 0 0
edge|5047917|124|4370779 8,7,6,5,4,1,9,3,2 1 0
edge|5048129|32|4427292 3,2,8,1,9,7,6,5,4 7 0
edge|5048645|17|3832987 5,6,7,1,9,8,4,3,2 127 0
edge|5048786|87|5138497 7,6,8,9,3,2,1,4,5 24 0
edge|5048838|97|5721913 4,5,6,8,9,3,2,7,1 0 0
edge|5048904|66|6468690 5,4,1,6,7,3,2,8,9 103 0
edge|5048939|30|4519316 5,6,7,9,3,8,2,1,4 136 0
edge|5049020|34|5628074 8,9,1,2,5,4,3,6,7 99 0
edge|5049105|53|3997302 6,5,4,1,3,2,9,8,7 62 0
edge|5049115|31|6112887 6,8,7,3,2,9,1,4,5 231 0
edge|5049116|28|5847397 6,7,8,9,1,3,2,4,5 31 0
edge|5049118|42|5218651 4,1,2,8,3,9,7,6,5 136 0
edge|5049119|91|5276615 3,4,5,6,9,1,8,7,2 61 0
edge|5049120|61|6361277 5,9,1,2,3,4,8,7,6 31 0
edge|5049125|104|5801700 2,3,4,5,9,1,6,8,7 31 0
edge|5049126|62|4383919 7,6,8,1,9,5,4,3,2 31 0
edge|5049127|104|5637075 5,4,3,2,7,8,6,1,9 1 0
edge|5049127|121|4464393 2,3,4,5,9,1,8,6,7 31 0
edge|5049184|47|5468260 6,8,7,2,3,4,5,9,1 255 0
edge|5049184|50|3643016 4,5,9,1,8,6,7,2,3 25 0
edge|5049241|37|5945546 9,1,4,3,2,5,6,7,8 241 0
edge|5049251|58|5697929 3,4,7,8,6,5,9,1,2 243 0
edge|5049257|11|5931561 8,9,3,4,5,6,7,2,1 0 0
edge|5049257|92|5535808 7,2,1,8,9,3,4,5,6 67 0
edge|5049259|95|5807403 6,8,7,2,1,9,5,4,3 255 0
edge|5049288|39|5930231 7,8,4,3,9,1,2,5,6 195 0
edge|5049314|57|6369739 8,4,3,2,1,9,5,6,7 127 0
edge|5049320|58|4415163 7,6,5,9,1,2,3,4,8 127 0
edge|5049334|88|5601062 1,9,6,5,7,8,4,3,2 241 0
edge|5049427|110|5766287 5,6,9,1,2,3,4,8,7 63 0
edge|5049487|65|5425573 6,5,9,8,1,4,3,2,7 49 0
edge|5049532|120|4272272 3,2,7,1,9,5,6,8,4 247 0
edge|5049573|57|3758104 2,6,5,7,8,9,1,4,3 3 0
edge|5049694|86|3606577 4,3,2,7,8,6,5,9,1 255 0
edge|5049746|11|4437367 7,8,6,5,9,1,4,3,2 241 0
edge|5049945|29|4437235 1,9,3,4,5,6,8,7,2 1 0
edge|5050095|119|5469298 8,9,1,4,3,5,6,2,7 67 0
edge|5050407|59|5451001 7,5,6,2,1,9,8,4,3 15 0
edge|5050608|4|3661970 9,1,2,6,5,7,8,4,3 15 0
edge|5051103|66|5602162 6,5,3,4,1,9,8,7,2 1 0
edge|5051487|44|4322556 7,8,9,1,4,3,2,6,5 49 0
edge|5051846|51|4370018 3,4,5,6,2,7,8,9,1 61 0
edge|5051880|37|5735264 8,9,1,4,3,2,5,6,7 113 0
edge|5051883|58|4454427 6,5,2,3,4,8,9,1,7 79 0
edge|5051910|25|6187738 9,8,6,5,2,7,3,4,1 78 0
edge|5051910|44|3485492 6,8,9,1,4,3,7,2,5 17 0
edge|5052043|113|5543031 2,5,6,7,8,4,3,9,1 241 0
edge|5052227|42|5978946 7,6,5,2,3,4,1,9,8 113 0
edge|5052509|20|3584483 5,6,2,1,9,3,4,8,7 195 0
edge|5052601|77|6226577 8,7,5,6,2,1,9,3,4 3 0
edge|5052629|115|5592439 3,2,6,5,7,1,9,8,4 121 0
edge|5053108|42|6432472 7,8,9,1,4,3,2,5,6 49 0
edge|5053121|37|4368528 7,5,6,2,3,4,1,9,8 113 0
edge|5053315|96|4903784 2,7,8,9,1,4,3,5,6 1 0
edge|5053728|119|5949677 3,2,1,9,5,4,8,6,7 31 0
edge|5053730|98|6370029 5,3,2,1,9,6,7,8,4 247 0
edge|5053758|95|6520641 7,6,9,1,2,3,5,4,8 127 0
edge|5053761|88|4548006 1,8,7,2,3,4,5,6,9 254 0
edge|5053856|98|5376961 3,4,1,8,9,5,6,7,2 115 0
edge|5054319|116|6188835 5,2,7,3,4,1,9,8,6 17 0
edge|5054553|97|5987672 7,3,2,8,9,1,4,5,6 71 0
edge|5054832|113|4639722 3,6,5,4,1,9,8,7,2 5 0
edge|5054935|101|4645606 1,2,3,4,5,6,7,9,8 0 0
edge|5054980|103|5340931 8,4,3,7,2,5,6,1,9 177 0
edge|5055014|107|5507635 6,5,2,7,3,4,8,9,1 79 0
edge|5055090|116|6234158 9,7,6,5,2,3,8,4,1 14 0
edge|5055496|30|5930572 8,7,2,3,6,5,4,1,9 199 0
edge|5055857|8|5202949 5,6,7,2,1,8,9,3,4 115 0
edge|5056061|37|5507056 4,3,9,8,1,2,7,6,5 115 0
edge|5056225|24|5957244 8,7,6,5,2,1,9,3,4 3 0
edge|5056231|58|4382144 7,8,4,3,9,1,2,6,5 195 0
edge|5056402|8|5216284 2,1,9,3,4,8,7,6,5 243 0
edge|5056764|21|4262178 1,7,2,3,4,8,6,5,9 176 0
edge|5056771|60|6444191 9,3,2,7,8,4,5,6,1 56 0
edge|5056875|33|4116063 9,5,6,7,4,3,2,1,8 240 0
edge|5056876|72|5713614 9,5,6,7,4,3,2,8,1 240 0
edge|5056939|98|5605838 7,6,5,9,1,8,2,3,4 127 0
edge|5056998|85|5502743 5,6,8,7,4,3,2,1,9 15 0
edge|5057442|120|4611632 6,5,2,3,4,1,9,8,7 49 0
edge|5057540|86|4190532 1,5,6,2,3,4,7,8,9 14 0
edge|5057558|56|4452346 1,9,8,7,4,3,2,6,5 15 0
edge|5057986|94|4035858 8,9,1,4,2,3,5,6,7 119 0
edge|5057995|65|4409748 7,6,5,3,2,4,1,9,8 119 0
edge|5058044|104|6514358 8,7,1,9,2,3,4,5,6 193 0
edge|5058455|99|5589307 9,8,1,2,7,6,5,4,3 127 0
edge|5058732|118|6348437 6,1,2,7,8,9,3,4,5 32 0
edge|5058808|125|6364904 9,5,6,8,4,3,2,7,1 176 0
edge|5058853|86|5968319 7,8,6,5,9,1,2,3,4 255 0
edge|5058853|103|5987425 7,4,3,2,1,9,5,6,8 191 0
edge|5059231|88|4970110 4,1,2,3,5,6,7,8,9 8 0
edge|5059460|77|6128661 7,6,5,4,8,1,9,3,2 121 0
edge|5060163|108|6423517 3,4,9,8,7,1,2,6,5 48 0
edge|5060614|14|3770563 2,1,9,3,4,8,7,5,6 243 0
edge|5060864|60|4626209 3,5,6,2,1,9,8,7,4 11 0
edge|5061443|34|6223157 4,3,9,1,2,6,5,7,8 3 0
edge|5063275|49|5373916 6,3,4,5,2,1,9,8,7 35 0
edge|5063816|21|4611323 4,5,3,2,6,7,8,9,1 31 0
edge|5064194|64|4894795 4,5,6,7,8,3,2,9,1 249 0
edge|5064427|113|5964107 3,9,1,2,5,6,7,8,4 11 0
edge|5064550|8|4978058 6,9,1,2,7,8,4,3,5 227 0
edge|5064584|54|4417670 4,8,7,6,9,1,2,3,5 247 0
edge|5064730|98|5066814 4,8,7,2,1,9,6,5,3 247 0
edge|5064920|30|5982526 9,8,7,6,5,3,2,1,4 8 0
edge|5064953|46|5978189 8,9,1,4,5,6,3,2,7 71 0
edge|5064977|107|3701581 6,7,8,9,1,4,2,3,5 23 0
edge|5064983|75|4477243 9,1,4,2,3,5,6,7,8 247 0
edge|5064985|45|5865717 1,9,8,7,6,2,3,5,4 31 0
edge|5064991|50|4286190 4,1,9,8,7,3,2,6,5 49 0
edge|5065045|59|5910823 8,9,1,4,5,6,7,3,2 1 0
edge|5065222|26|5285575 7,8,9,4,3,1,2,5,6 48 0
edge|5065266|46|4892251 9,8,7,6,5,3,2,4,1 8 0
edge|5066004|125|5947846 7,8,9,1,2,6,5,3,4 3 0
edge|5066230|23|4154262 2,3,5,6,7,8,9,1,4 1 0
edge|5066393|67|6376512 9,3,4,8,7,2,5,6,1 194 0
edge|5066559|29|5241111 9,4,3,1,2,5,6,7,8 240 0
edge|5066968|79|5375902 2,3,4,7,8,9,1,6,5 63 0
edge|5067839|14|6022441 6,7,9,1,4,8,3,2,5 145 0
edge|5067965|107|5966809 4,8,5,6,7,9,1,2,3 135 0
edge|5067965|125|5902916 4,3,2,1,9,7,6,5,8 143 0
edge|5067967|100|6135359 7,6,5,4,3,2,8,1,9 127 0
edge|5068056|41|4883434 6,5,4,1,9,2,3,8,7 193 0
edge|5068454|34|3688933 8,9,1,7,2,3,6,5,4 71 0
edge|5068554|77|5891075 7,2,1,9,8,4,5,6,3 123 0
edge|5068568|89|4037276 1,7,2,3,6,5,4,8,9 56 0
edge|5068593|84|4035293 6,3,2,7,1,9,8,4,5 95 0
edge|5068915|113|5305876 5,6,3,9,1,2,7,8,4 243 0
edge|5068942|38|5302744 4,3,6,2,1,9,8,7,5 15 0
edge|5069012|61|4246086 1,9,8,7,2,6,5,4,3 61 0
edge|5069503|62|6222932 2,6,5,7,8,4,3,9,1 241 0
edge|5069504|78|5302400 3,4,6,5,7,8,9,1,2 3 0
edge|5071052|68|5667592 4,9,1,5,6,8,7,2,3 247 0
edge|5071158|118|4450354 7,8,9,1,5,6,2,3,4 49 0
edge|5071258|16|5266499 3,2,1,9,8,4,5,7,6 127 0
edge|5071378|44|5806029 4,5,6,3,2,7,8,9,1 57 0
edge|5071401|54|6433093 1,4,5,6,7,2,3,8,9 126 0
edge|5071440|87|6511914 1,9,3,2,4,5,6,7,8 249 0
edge|5071656|38|4455681 8,7,6,5,4,2,3,9,1 249 0
edge|5071657|64|4167922 8,1,9,3,2,4,5,6,7 121 0
edge|5071914|61|6456333 1,2,3,9,7,6,5,8,4 128 0
edge|5072031|32|4647269 6,3,4,5,7,8,9,1,2 35 0
edge|5072054|57|4445598 6,9,1,2,7,8,3,4,5 227 0
edge|5072094|80|6375038 8,5,4,9,1,6,3,2,7 161 0
edge|5072144|104|6389558 4,5,6,7,2,3,9,1,8 1 0
edge|5072236|14|4377752 8,1,9,3,2,7,6,5,4 1 0
edge|5072287|106|5890251 8,4,5,6,7,2,1,9,3 123 0
edge|5072305|44|4601462 6,5,4,3,9,8,1,2,7 67 0
edge|5072497|86|5658836 4,3,9,1,2,5,6,7,8 3 0
edge|5072567|44|4319351 3,9,1,8,4,5,6,7,2 123 0
edge|5072627|18|5629332 7,6,5,4,8,9,1,3,2 121 0
edge|5072627|90|3565064 2,7,6,5,4,1,9,8,3 5 0
edge|5072631|97|4498198 5,6,7,2,3,1,9,8,4 9 0
edge|5072674|114|4678034 2,3,1,9,8,4,5,6,7 121 0
edge|5072720|117|4470879 4,3,2,7,6,5,8,9,1 127 0
edge|5072866|26|4225045 3,4,5,6,7,2,8,1,9 127 0
edge|5073006|11|4574209 3,4,5,6,7,2,1,8,9 127 0
edge|5073146|84|5583381 8,1,9,3,4,5,6,7,2 1 0
edge|5073408|97|5952481 3,4,5,6,7,2,8,9,1 127 0
edge|5073524|36|5970959 4,2,1,9,3,8,7,6,5 243 0
edge|5073585|95|4782143 3,2,7,6,5,4,9,1,8 1 0
edge|5073586|107|4696992 9,4,5,6,7,2,3,8,1 128 0
edge|5073662|29|5612378 9,7,8,2,1,6,5,4,3 63 0
edge|5074213|62|5308834 1,4,3,2,7,6,5,9,8 126 0
edge|5074292|113|6040853 3,2,6,7,1,8,9,5,4 121 0
edge|5074611|60|6526886 3,2,1,5,6,7,8,9,4 7 0
edge|5074642|32|6172492 8,1,7,6,5,4,3,2,9 128 0
edge|5074861|6|4247822 4,3,2,1,8,7,9,6,5 240 0
edge|5075497|57|5751835 6,5,3,4,2,1,9,8,7 63 0
edge|5075502|68|5929802 6,7,8,9,1,2,4,3,5 31 0
edge|5075551|34|3819987 2,3,4,7,8,9,5,6,1 62 0
edge|5075601|52|5173928 3,4,1,7,8,9,5,6,2 60 0
edge|5075615|112|4639267 8,6,5,9,1,2,3,4,7 191 0
edge|5075890|100|5986804 5,6,7,4,1,2,3,8,9 8 0
edge|5076152|32|6048789 3,4,1,2,6,7,8,9,5 19 0
edge|5076221|55|4350634 6,2,1,4,3,7,8,9,5 19 0
edge|5076607|90|5965489 7,6,2,1,9,5,4,3,8 159 0
edge|5076612|124|5966785 7,8,3,4,5,9,1,2,6 223 0
edge|5076626|109|5942840 1,2,6,7,8,3,4,5,9 252 0
edge|5076630|97|5944073 4,5,9,1,2,6,7,8,3 27 0
edge|5077342|65|6341318 5,4,3,9,8,7,2,1,6 32 0
edge|5077728|18|3949242 9,5,6,1,2,3,4,7,8 240 0
edge|5077827|13|4890168 5,9,8,1,2,3,4,7,6 31 0
edge|5078743|63|6314071 9,8,7,1,2,4,3,5,6 0 0
edge|5078803|59|5822100 5,3,4,2,1,9,8,7,6 31 0
edge|5079411|86|5266319 7,8,9,6,5,1,2,3,4 48 0
edge|5079411|95|4456444 9,8,7,4,1,2,3,5,6 8 0
edge|5079889|124|5890067 8,9,5,6,7,2,3,4,1 126 0
edge|5079894|63|4642907 4,2,1,9,8,7,6,5,3 11 0
edge|5080085|33|5902115 8,1,2,7,6,5,4,3,9 128 0
edge|5080156|73|6198256 7,8,1,2,3,9,6,5,4 248 0
edge|5081811|107|6236628 6,8,4,3,2,7,1,9,5 95 0
edge|5081888|80|5229500 2,7,6,5,9,8,1,4,3 115 0
edge|5082879|109|6059254 9,8,6,5,4,7,1,2,3 71 0
edge|5082908|44|4397757 1,7,4,5,6,8,9,3,2 65 0
edge|5083462|52|5742776 9,5,6,8,7,4,3,2,1 240 0
edge|5084111|10|3912565 9,3,2,1,7,4,5,6,8 184 0
edge|5084183|44|5913409 2,1,7,6,8,9,5,4,3 28 0
edge|5084657|28|5266185 7,8,9,5,4,1,2,3,6 56 0
edge|5085038|102|6520805 4,5,7,6,9,8,1,2,3 103 0
edge|5085041|116|6104621 1,8,9,6,7,5,4,3,2 97 0
edge|5085043|51|6614149 6,9,8,2,3,4,5,1,7 62 0
edge|5086075|42|5950412 5,6,7,8,1,4,3,2,9 1 0
edge|5086080|121|5929689 9,2,3,4,1,8,7,6,5 1 0
edge|5086157|64|4387683 9,7,8,1,2,3,4,5,6 192 0
edge|5086361|22|6203549 4,1,3,2,9,8,7,6,5 8 0
edge|5086384|36|3811926 1,2,3,5,6,9,8,7,4 63 0
edge|5086396|88|6459150 9,8,7,4,3,6,5,2,1 60 0
edge|5086404|29|5618331 2,3,1,9,8,7,6,5,4 7 0
edge|5086421|89|5710471 9,4,1,2,3,5,6,7,8 247 0
edge|5086442|55|5287482 3,2,6,7,8,9,1,4,5 7 0
edge|5086829|121|6218784 7,3,5,4,1,2,6,9,8 124 0
edge|5086926|119|5617077 6,7,8,1,2,3,4,5,9 31 0
edge|5086968|92|6587923 4,6,5,3,2,1,9,8,7 55 0
edge|5086976|110|4319426 7,8,9,1,2,3,5,6,4 55 0
edge|5087175|100|4199908 1,5,4,3,2,6,7,8,9 30 0
edge|5087223|98|5815923 1,5,4,3,2,6,9,8,7 33 0
edge|5087527|22|5958347 5,6,9,8,7,4,3,2,1 63 0
edge|5087557|57|5138983 3,4,7,8,9,6,5,1,2 60 0
edge|5087606|9|5096539 2,1,5,6,9,8,7,4,3 60 0
edge|5087652|85|6442940 6,9,8,7,1,4,5,3,2 62 0
edge|5087788|45|4328470 4,7,8,9,6,5,3,2,1 63 0
edge|5088658|53|6188991 4,5,6,9,7,8,1,2,3 248 0
edge|5088818|88|4957913 7,6,9,3,4,5,1,2,8 99 0
edge|5089061|0|3687547 7,6,5,4,3,9,2,1,8 128 0
edge|5089061|85|4540123 1,2,3,4,5,9,6,7,8 255 0
edge|5089091|79|3818005 8,9,6,5,3,2,1,4,7 119 0
edge|5089133|118|4697604 8,9,6,5,4,3,2,1,7 127 0
edge|5089505|120|6223335 9,1,2,3,4,7,8,5,6 15 0
edge|5089599|88|5993900 5,4,1,9,2,3,8,7,6 231 0
edge|5089802|103|5426872 1,2,3,8,7,4,5,6,9 56 0
edge|5090095|27|5954924 5,9,8,7,1,4,3,2,6 30 0
edge|5090127|97|5989854 3,4,5,1,7,8,9,6,2 60 0
edge|5090130|2|3684273 9,8,7,6,2,3,4,5,1 30 0
edge|5090154|43|4842464 7,8,9,6,2,3,4,5,1 33 0
edge|5090245|18|4433759 6,7,1,4,3,2,5,9,8 113 0
edge|5090245|112|5442644 4,3,2,1,7,8,9,6,5 48 0
edge|5090246|27|3959017 5,9,8,6,7,1,4,3,2 30 0
edge|5090598|82|5137944 5,4,3,2,8,9,6,7,1 127 0
edge|5090681|28|4474451 3,4,5,9,8,1,7,6,2 125 0
edge|5090681|112|4477374 9,8,1,7,6,2,3,4,5 97 0
edge|5090681|122|4477294 7,6,2,3,4,5,9,8,1 31 0
edge|5090805|89|4659895 9,1,4,5,6,7,8,3,2 1 0
edge|5091455|27|4161497 4,3,2,8,9,6,7,1,5 111 0
edge|5091714|15|3982726 7,1,2,6,3,4,5,9,8 95 0
edge|5092327|116|4697561 8,4,3,2,6,5,7,1,9 241 0
edge|5092629|64|5568333 6,7,8,9,1,4,5,3,2 1 0
edge|5092722|19|4434513 9,8,1,4,3,2,5,6,7 113 0
edge|5092832|49|6422335 3,2,7,6,8,1,9,5,4 25 0
edge|5093006|24|6520036 3,2,8,9,6,7,1,5,4 103 0
edge|5093095|67|5978212 7,4,5,6,2,3,8,9,1 57 0
edge|5093935|67|4247023 4,1,7,8,2,3,9,6,5 241 0
edge|5094251|50|4034854 8,2,3,4,5,1,7,6,9 225 0
edge|5094302|52|4110198 7,1,9,3,2,6,5,4,8 121 0
edge|5094487|111|6227624 1,7,8,4,5,6,2,3,9 56 0
edge|5094696|61|5193503 9,8,1,2,3,4,5,6,7 127 0
edge|5095145|62|4052664 5,4,7,1,2,3,9,8,6 24 0
edge|5095250|93|5971999 8,9,1,2,6,5,3,4,7 67 0
edge|5095352|119|6423950 3,9,2,1,8,7,6,5,4 248 0
edge|5095353|115|3988893 8,1,2,9,3,4,5,6,7 128 0
edge|5095419|32|3973401 7,1,5,4,3,2,8,9,6 62 0
edge|5095476|100|6224694 2,6,7,8,5,4,3,9,1 225 0
edge|5095485|67|5235256 9,5,4,1,2,3,6,7,8 248 0
edge|5095685|91|5949101 7,6,5,4,3,1,2,9,8 127 0
edge|5095734|108|5549739 2,9,8,7,6,5,1,4,3 3 0
edge|5095948|98|6107371 7,8,9,1,4,2,3,5,6 49 0
edge|5095951|118|4477210 8,6,5,4,1,2,3,9,7 184 0
edge|5095960|105|5776106 2,3,9,8,6,5,4,1,7 65 0
edge|5096022|97|4387181 6,3,4,5,9,8,7,1,2 28 0
edge|5096028|56|6065872 6,7,1,5,4,2,3,9,8 97 0
edge|5096032|86|6161979 1,2,4,5,6,3,9,8,7 59 0
edge|5096050|11|4460524 7,8,9,2,3,1,4,5,6 62 0
edge|5096097|64|4476706 1,2,3,9,8,6,5,4,7 64 0
edge|5096497|4|3869737 8,9,3,4,2,1,7,6,5 0 0
edge|5096497|99|6025177 9,8,4,3,2,5,6,7,1 14 0
edge|5096504|109|6443641 7,1,2,4,3,9,8,5,6 48 0
edge|5096507|12|4821598 1,9,8,7,4,3,5,6,2 61 0
edge|5096511|59|6361010 8,9,1,3,4,7,6,5,2 15 0
edge|5096519|57|5569898 7,1,9,8,2,3,4,5,6 65 0
edge|5096527|120|5559121 8,9,1,2,4,3,5,6,7 127 0
edge|5096535|109|4894186 2,1,9,8,5,6,7,4,3 115 0
edge|5096536|115|5686123 5,6,7,4,3,8,9,1,2 115 0
edge|5096537|66|5087606 2,1,9,8,3,4,7,6,5 115 0
edge|5096538|64|5096049 8,4,3,9,1,2,5,6,7 131 0
edge|5096596|52|4350059 8,1,9,7,6,2,3,4,5 97 0
edge|5096630|78|5950202 7,6,5,4,2,1,9,3,8 123 0
edge|5096632|51|6173363 3,9,1,2,6,7,8,5,4 27 0
edge|5096639|121|4238500 8,5,4,3,2,6,7,9,1 225 0
edge|5096671|122|4346424 8,3,2,1,9,4,5,6,7 135 0
edge|5096685|112|6215966 4,7,6,5,2,1,8,9,3 11 0
edge|5097085|28|3905450 1,9,8,4,5,3,2,6,7 31 0
edge|5097085|46|4054173 2,3,5,4,8,9,1,7,6 127 0
edge|5097193|118|6633117 4,8,9,3,2,6,5,7,1 121 0
edge|5097853|114|5553518 3,2,6,7,5,4,1,9,8 7 0
edge|5098236|29|5072372 5,3,2,1,9,8,4,7,6 31 0
edge|5098263|99|6293245 5,6,2,4,3,7,1,9,8 79 0
edge|5098353|100|4451859 5,8,9,1,2,3,6,7,4 119 0
edge|5098354|17|4611295 2,1,6,7,9,8,5,4,3 124 0
edge|5099017|4|5256637 7,6,5,8,4,2,3,9,1 129 0
edge|5099302|121|6106676 2,4,5,6,7,1,9,8,3 123 0
edge|5099928|68|5095954 5,7,8,4,3,2,6,1,9 15 0
edge|5099936|10|4419372 1,6,2,3,4,5,7,8,9 32 0
edge|5099981|52|6471335 2,3,9,1,5,4,8,7,6 25 0
edge|5099981|98|5662244 6,2,1,9,3,5,4,8,7 195 0
edge|5100007|77|6290929 3,2,1,9,4,5,6,7,8 7 0
edge|5100021|24|4434508 9,8,3,2,6,7,1,4,5 97 0
edge|5100081|9|4538841 3,4,5,9,1,8,7,6,2 253 0
edge|5100164|5|4431167 9,5,4,1,7,6,2,3,8 158 0
edge|5100176|15|5978189 5,6,7,8,3,2,9,1,4 247 0
edge|5100228|69|4024441 4,3,2,6,7,8,5,9,1 31 0
edge|5100828|102|6122874 7,6,2,1,5,4,3,9,8 96 0
edge|5100884|83|5746261 5,9,8,3,2,1,4,7,6 24 0
edge|5100901|114|5617166 4,8,9,1,2,3,5,6,7 127 0
edge|5101041|44|6051024 5,7,8,9,1,4,3,2,6 33 0
edge|5101172|51|6054801 4,5,7,8,9,1,6,2,3 7 0
edge|5101175|112|5925348 4,3,2,1,9,8,7,5,6 15 0
edge|5101176|117|5138735 6,1,9,8,7,5,4,3,2 1 0
edge|5101206|102|6417287 6,7,1,9,8,4,5,3,2 127 0
edge|5101361|67|4627789 8,5,6,7,4,3,2,1,9 143 0
edge|5101391|9|5944503 2,6,1,9,7,8,5,4,3 195 0
edge|5101420|84|5509330 6,2,1,5,9,3,4,8,7 211 0
edge|5101421|18|5559704 4,3,9,5,1,2,6,7,8 19 0
edge|5101422|28|5257047 8,7,5,9,1,6,2,3,4 223 0
edge|5101437|79|6054263 9,3,4,8,7,5,6,2,1 240 0
edge|5101439|88|4405290 6,5,7,8,4,3,9,1,2 243 0
edge|5101518|34|5949165 2,6,7,8,5,3,4,9,1 225 0
edge|5101708|116|6156249 1,6,5,9,8,7,4,3,2 62 0
edge|5101755|37|5853631 3,4,5,8,9,7,6,1,2 124 0
edge|5101778|49|6178339 5,3,8,9,1,2,6,7,4 11 0
edge|5101834|59|5632945 7,8,9,5,1,4,3,2,6 49 0
edge|5101838|60|4390769 1,9,8,4,3,2,6,7,5 15 0
edge|5101875|84|4095535 6,7,5,1,9,8,4,3,2 127 0
edge|5101894|42|5505667 3,5,4,8,7,6,2,1,9 31 0
edge|5101895|82|5036499 2,4,5,6,7,8,3,9,1 1 0
edge|5101900|63|5137324 8,9,1,7,6,5,4,2,3 127 0
edge|5101900|108|6178673 4,8,3,2,1,9,7,6,5 247 0
edge|5101924|33|4210308 7,6,5,4,2,1,9,8,3 123 0
edge|5101926|69|4405761 7,9,1,2,3,8,4,5,6 199 0
edge|5101975|7|5716585 4,2,3,7,6,1,9,8,5 17 0
edge|5101975|33|5905170 4,5,8,9,1,6,7,3,2 25 0
edge|5102014|22|4031614 7,6,1,9,8,5,4,3,2 31 0
edge|5102021|34|4466313 4,5,8,9,1,6,7,2,3 25 0
edge|5102034|6|5557378 5,6,7,8,2,1,9,3,4 243 0
edge|5102035|123|5156888 9,1,2,3,5,6,7,4,8 247 0
edge|5102037|97|5945835 4,3,9,1,2,8,7,6,5 243 0
edge|5102082|64|3863695 9,1,6,7,8,2,3,4,5 1 0
edge|5102082|75|4420412 8,7,6,1,9,5,4,3,2 31 0
edge|5102091|15|5286203 9,1,2,8,7,6,5,4,3 255 0
edge|5102107|101|5929677 7,6,5,3,2,1,9,8,4 127 0
edge|5102204|44|6206558 8,2,1,9,5,6,7,4,3 243 0
edge|5102363|4|5453294 9,1,6,2,3,4,8,7,5 15 0
edge|5102363|79|5748720 2,3,4,8,7,5,9,1,6 209 0
edge|5102364|9|5804627 2,3,4,1,9,5,6,7,8 241 0
edge|5102364|114|5930239 6,5,9,1,4,3,2,8,7 49 0
edge|5102429|59|6418820 4,5,9,1,6,7,8,2,3 25 0
edge|5102567|73|5985318 6,1,9,7,8,5,4,3,2 193 0
edge|5102568|38|5443410 4,3,2,8,7,9,1,6,5 207 0
edge|5102632|110|6370222 2,1,9,6,7,8,4,5,3 227 0
edge|5102665|20|4785323 3,4,8,9,1,7,5,6,2 125 0
edge|5102740|32|5137395 7,6,2,1,9,8,4,3,5 31 0
edge|5102740|57|4458862 2,1,9,8,4,3,5,7,6 127 0
edge|5102854|6|3616695 9,8,4,3,5,7,6,2,1 124 0
edge|5103050|100|6058700 8,4,3,9,1,2,6,5,7 131 0
edge|5103100|120|5932482 5,2,1,9,3,4,8,7,6 227 0
edge|5103136|122|5230134 2,6,7,8,4,5,3,9,1 225 0
edge|5103143|61|4405216 6,2,1,9,3,4,8,7,5 211 0
edge|5103332|106|4870436 2,1,9,3,4,5,6,7,8 3 0
edge|5103335|103|5868456 8,7,6,5,4,3,9,1,2 3 0
edge|5103430|125|6065860 5,7,8,4,3,9,1,2,6 211 0
edge|5103446|14|5509438 1,9,3,5,4,8,7,6,2 225 0
edge|5103469|53|4528147 3,4,7,6,5,8,9,1,2 115 0
edge|5103479|43|5663296 6,5,2,3,4,8,1,9,7 79 0
edge|5103725|27|5487476 7,9,1,8,4,3,2,5,6 79 0
edge|5103976|57|4474634 4,3,2,7,6,1,9,8,5 17 0
edge|5103977|104|6548018 1,9,7,6,5,4,3,2,8 255 0
edge|5103983|79|4052312 7,9,1,8,5,4,3,2,6 95 0
edge|5103991|60|4097915 3,4,5,8,1,9,7,6,2 125 0
edge|5103991|77|6380444 5,4,3,2,1,9,7,6,8 255 0
edge|5103992|61|5877404 8,6,7,5,4,3,2,1,9 255 0
edge|5104054|83|6632495 6,7,1,2,3,4,5,8,9 127 0
edge|5104061|42|6430167 5,7,1,2,3,4,8,9,6 95 0
edge|5104068|64|5237255 3,4,8,9,6,5,7,1,2 12 0
edge|5104087|15|6089258 2,3,4,8,9,1,5,7,6 127 0
edge|5104092|87|6339291 3,2,6,4,5,1,7,8,9 6 0
edge|5104139|56|5395163 6,9,1,5,4,3,2,8,7 223 0
edge|5104172|11|4870336 9,6,2,3,4,5,1,7,8 223 0
edge|5104249|107|5974732 2,6,3,4,5,7,8,9,1 33 0
edge|5104298|37|5124256 6,5,4,3,2,8,9,1,7 65 0
edge|5104353|61|5825528 8,7,4,3,2,1,5,6,9 192 0
edge|5104453|40|3963940 9,8,5,4,6,7,1,2,3 127 0
edge|5104453|93|4068377 1,7,6,4,5,8,9,3,2 121 0
edge|5104458|33|4423830 4,6,7,1,2,3,9,8,5 16 0
edge|5104488|28|4148354 6,7,8,4,5,1,9,3,2 25 0
edge|5104498|54|6331960 3,2,1,9,8,4,5,6,7 127 0
edge|5104532|8|4317953 7,6,5,4,8,9,1,2,3 127 0
edge|5104536|60|5782247 3,2,6,7,1,9,8,5,4 121 0
edge|5104724|119|4539962 9,3,2,1,7,6,5,4,8 128 0
edge|5104772|23|4649690 3,4,6,7,8,5,9,1,2 19 0
edge|5104799|123|5864529 8,7,1,5,4,3,2,6,9 223 0
edge|5104804|57|4700273 2,1,9,8,7,5,6,4,3 3 0
edge|5104958|124|5868828 2,3,4,5,6,7,1,9,8 127 0
edge|5104980|40|4699422 9,1,7,5,6,2,3,4,8 241 0
edge|5105062|10|4735031 5,4,7,1,2,3,8,9,6 24 0
edge|5105067|114|5457899 7,8,9,1,2,3,6,5,4 7 0
edge|5105102|27|4465578 4,8,5,9,1,7,6,2,3 121 0
edge|5105102|49|4155807 6,7,1,9,5,8,4,3,2 127 0
edge|5105105|79|5384050 5,8,7,6,2,3,4,9,1 225 0
edge|5105108|41|4444144 6,2,3,4,5,8,7,1,9 225 0
edge|5105118|96|5303324 2,6,4,5,8,7,1,9,3 195 0
edge|5105237|89|5868836 8,5,4,3,9,1,7,6,2 225 0
edge|5105328|40|5431153 4,3,2,5,6,9,1,7,8 207 0
edge|5105386|120|5671085 8,5,6,7,9,1,2,3,4 143 0
edge|5105449|23|5847019 9,6,5,1,2,3,4,7,8 192 0
edge|5105455|61|6497492 6,5,8,9,3,4,2,1,7 48 0
edge|5105498|34|4715524 4,3,9,5,6,7,1,2,8 115 0
edge|5105985|72|5861603 8,2,1,7,6,5,9,3,4 115 0
edge|5106037|8|4312905 8,9,5,6,7,3,4,1,2 124 0
edge|5106271|69|5277287 4,3,2,9,8,7,6,5,1 15 0
edge|5106420|69|4842719 6,7,8,9,2,3,4,1,5 30 0
edge|5106568|41|4103307 8,7,6,5,1,2,3,4,9 240 0
edge|5106607|112|6626884 6,3,4,5,1,2,9,8,7 35 0
edge|5107472|69|4577122 9,5,4,3,2,1,7,6,8 255 0
edge|5108726|88|5944756 8,6,7,1,2,3,4,5,9 255 0
edge|5112245|72|6222523 2,8,7,6,5,9,3,4,1 241 0
edge|5112272|114|6389412 7,6,5,9,3,4,1,2,8 115 0
edge|5112920|83|5781779 7,3,2,1,4,8,9,5,6 56 0
edge|5113507|108|5742842 1,8,9,7,6,5,4,3,2 1 0
edge|5114419|69|5208772 4,3,9,8,7,1,2,6,5 48 0
edge|5114421|107|5984009 6,7,8,9,3,4,2,1,5 19 0
edge|5114998|72|5652209 3,4,8,9,1,2,6,5,7 15 0
edge|5115199|47|5582478 7,9,8,1,2,3,4,5,6 63 0
edge|5115693|102|4892572 1,8,9,5,6,7,4,3,2 113 0
edge|5116266|20|4183402 2,1,8,7,6,9,3,4,5 224 0
edge|5116275|45|3708037 6,7,4,3,9,8,1,2,5 99 0
edge|5116275|113|3856259 1,8,9,3,4,7,6,5,2 113 0
edge|5116568|41|5351560 7,2,8,9,1,3,4,5,6 67 0
edge|5116685|17|3690145 5,4,3,9,2,1,8,7,6 224 0
edge|5116823|121|5990867 9,8,2,7,6,5,4,3,1 126 0
edge|5117059|52|3690270 5,4,3,9,1,2,7,8,6 227 0
edge|5117112|63|5286865 4,3,6,8,7,2,1,9,5 243 0
edge|5117210|91|6504733 4,5,6,2,7,8,9,1,3 57 0
edge|5117846|109|5981985 6,7,8,9,1,2,3,5,4 31 0
edge|5117848|123|5917813 6,4,5,3,2,1,9,8,7 63 0
edge|5118008|54|5914641 8,7,9,1,2,3,4,5,6 63 0
edge|5118034|25|3609719 9,1,2,7,8,6,5,4,3 255 0
edge|5118082|115|6642395 6,8,9,1,2,7,3,4,5 95 0
edge|5118587|20|4437397 3,4,1,9,5,6,8,7,2 243 0
edge|5118587|30|5256871 8,7,2,9,1,3,4,5,6 195 0
edge|5118914|88|5782283 9,8,7,3,6,5,4,2,1 56 0
edge|5118920|66|5988446 4,3,1,9,8,2,7,6,5 115 0
edge|5118961|96|6202430 6,7,2,5,4,3,1,9,8 99 0
edge|5118967|119|5989933 9,1,3,4,5,6,7,2,8 129 0
edge|5118975|27|5119221 8,2,7,6,5,4,3,1,9 129 0
edge|5119017|49|3761752 9,5,4,3,8,6,7,2,1 28 0
edge|5119017|79|3838093 7,6,8,3,4,5,9,1,2 31 0
edge|5119042|61|6206380 2,1,4,3,8,9,5,6,7 124 0
edge|5119209|85|6088394 5,4,3,9,8,6,7,1,2 0 0
edge|5119210|11|5138721 1,2,5,4,3,9,8,6,7 3 0
edge|5119256|86|6231987 1,4,5,6,8,3,2,7,9 184 0
edge|5119491|19|4039738 7,2,1,9,3,4,5,6,8 67 0
edge|5120291|96|5425939 6,5,4,8,3,9,1,2,7 195 0
edge|5120677|27|5680432 9,3,6,2,1,4,5,7,8 248 0
edge|5120678|42|4754361 8,7,5,4,1,2,6,3,9 248 0
edge|5120689|94|6227518 8,4,5,6,9,1,2,3,7 127 0
edge|5120874|48|5952296 6,2,1,9,8,7,5,4,3 3 0
edge|5120904|125|5432636 4,5,6,2,1,7,8,9,3 56 0
edge|5121526|123|6612181 1,7,6,3,4,5,8,9,2 30 0
edge|5121749|97|5678961 8,7,3,5,4,6,2,1,9 223 0
edge|5121766|47|5865649 7,5,3,2,1,4,8,9,6 40 0
edge|5121766|58|4700359 8,4,1,2,3,5,7,6,9 247 0
edge|5122060|96|4882495 2,3,4,8,7,5,6,9,1 241 0
edge|5122168|100|4984126 3,4,7,8,9,1,2,6,5 15 0
edge|5122200|50|4460757 1,2,3,5,6,4,7,8,9 8 0
edge|5122284|121|5558780 5,6,2,1,9,8,7,4,3 15 0
edge|5122285|76|5912531 2,1,9,8,7,5,4,3,6 35 0
edge|5122550|41|5350791 7,8,5,3,4,9,1,2,6 195 0
edge|5122578|107|4043860 3,2,1,4,7,6,5,8,9 119 0
edge|5122651|15|5959021 8,5,4,1,2,3,7,6,9 231 0
edge|5122671|76|6642018 4,1,2,6,7,8,9,5,3 23 0
edge|5122814|111|6325026 8,9,3,2,1,4,7,6,5 8 0
edge|5122815|60|5922171 1,2,3,5,6,7,8,9,4 0 0
edge|5122815|104|5637562 3,8,9,5,6,7,4,1,2 115 0
edge|5122849|34|6189330 5,9,1,4,3,2,6,7,8 241 0
edge|5122854|112|4421597 2,6,7,1,4,5,9,8,3 26 0
edge|5124054|50|6432453 9,1,2,6,7,8,5,3,4 31 0
edge|5124060|68|5116612 5,8,7,6,2,1,9,4,3 19 0
edge|5124226|10|4889396 2,9,8,5,4,3,6,7,1 30 0
edge|5124228|4|5248319 7,4,5,1,2,3,6,9,8 120 0
edge|5124255|50|6545050 8,5,1,2,3,4,7,6,9 239 0
edge|5124271|61|4253291 9,4,3,2,1,5,6,7,8 240 0
edge|5124297|118|6244508 5,8,7,4,3,2,1,9,6 239 0
edge|5124341|62|6630360 3,4,5,9,8,7,1,2,6 60 0
edge|5124342|81|5697949 6,7,2,1,9,8,5,4,3 127 0
edge|5124437|110|4895392 1,9,8,7,6,3,2,4,5 31 0
edge|5124491|68|5939287 8,9,5,4,3,6,7,1,2 28 0
edge|5124696|56|5963938 1,2,7,6,3,4,5,8,9 28 0
edge|5124702|55|6610236 6,3,4,5,8,9,2,1,7 95 0
edge|5124736|94|5474592 5,8,9,1,2,7,6,3,4 115 0
edge|5124817|110|5507326 7,6,5,1,4,3,2,9,8 126 0
edge|5124880|125|4447638 4,1,2,3,6,7,9,8,5 23 0
edge|5125057|96|3949257 9,2,1,5,4,3,6,7,8 227 0
edge|5125288|105|4468749 7,1,2,3,4,6,5,9,8 127 0
edge|5125885|4|5473523 8,7,6,5,4,1,9,2,3 7 0
edge|5125987|60|6183746 8,9,3,2,1,4,5,7,6 120 0
edge|5126671|47|4398989 8,9,2,3,4,1,7,6,5 14 0
edge|5126866|36|6429987 5,9,8,2,3,4,1,7,6 30 0
edge|5127483|88|6106680 9,2,3,4,5,6,7,1,8 255 0
edge|5127543|64|4848868 8,2,3,4,1,7,6,5,9 241 0
edge|5127543|109|4979893 6,7,1,4,3,2,8,9,5 30 0
edge|5128187|43|4458676 1,8,9,2,3,4,5,6,7 126 0
edge|5128190|49|4405232 7,6,5,4,3,2,9,8,1 126 0
edge|5128552|48|3626066 5,8,7,6,1,9,2,3,4 239 0
edge|5128553|48|5729847 3,4,5,8,9,1,7,6,2 125 0
edge|5128553|78|4878359 3,2,1,6,7,9,8,5,4 24 0
edge|5128566|99|6047885 4,3,2,9,8,1,7,6,5 14 0
edge|5128577|109|4403462 3,4,1,7,6,5,8,9,2 115 0
edge|5128610|9|4535339 6,7,8,5,4,9,1,2,3 231 0
edge|5128614|110|5633628 8,7,6,3,2,1,9,4,5 7 0
edge|5128704|101|5922569 7,6,2,3,1,9,8,5,4 31 0
edge|5128951|33|4097722 3,2,9,8,5,6,7,1,4 119 0
edge|5128983|65|6060054 2,1,8,9,6,7,5,4,3 124 0
edge|5128989|57|3771870 7,4,3,2,1,5,8,9,6 48 0
edge|5128993|18|3872919 3,6,7,4,5,8,9,1,2 123 0
edge|5128994|46|4902434 9,2,3,4,5,1,8,7,6 30 0
edge|5129015|64|6156552 6,2,1,7,8,9,5,4,3 60 0
edge|5129079|10|5671024 8,1,2,9,5,4,3,6,7 159 0
edge|5129079|89|5935082 8,7,6,3,4,5,9,2,1 31 0
edge|5129125|111|6635207 1,9,5,8,7,6,2,3,4 31 0
edge|5129146|122|5936237 9,5,4,3,6,7,8,1,2 28 0
edge|5129255|86|6031507 3,4,5,6,9,7,8,1,2 60 0
edge|5129309|117|4003713 5,4,3,2,9,8,1,7,6 30 0
edge|5129316|32|4456820 1,2,3,6,7,4,5,8,9 120 0
edge|5129459|5|5345498 4,3,2,9,5,6,7,8,1 255 0
edge|5129715|83|5948142 5,4,3,2,9,6,7,8,1 255 0
edge|5129808|113|6234132 8,1,2,3,4,5,7,6,9 255 0
edge|5129815|112|4405513 7,1,8,9,2,3,4,5,6 62 0
edge|5130165|112|5940246 7,8,1,9,5,4,3,2,6 223 0
edge|5130576|51|4324199 5,6,7,8,9,4,3,2,1 0 0
edge|5130719|48|6535970 5,8,9,4,3,2,6,7,1 113 0
edge|5130830|20|4891596 7,5,4,3,2,1,8,9,6 32 0
edge|5130830|88|4439025 5,7,6,9,8,1,2,3,4 112 0
edge|5130866|30|5921866 1,7,6,5,8,9,4,3,2 113 0
edge|5130886|8|4159425 2,3,4,5,8,7,6,1,9 225 0
edge|5130886|43|5904169 5,8,9,2,3,7,6,1,4 119 0
edge|5130898|91|4452998 7,6,5,8,9,2,3,4,1 126 0
edge|5130913|55|4424238 7,1,4,3,2,9,8,5,6 62 0
edge|5130952|53|6186831 8,5,6,7,1,4,3,2,9 142 0
edge|5131625|110|5977296 3,4,5,6,7,8,2,1,9 255 0
edge|5132062|4|5270812 8,9,2,3,4,1,5,6,7 126 0
edge|5132214|110|4031875 2,3,6,7,8,9,1,4,5 7 0
edge|5132230|107|6309351 3,2,4,1,9,8,7,6,5 1 0
edge|5132267|64|4615607 5,1,4,3,2,9,8,7,6 30 0
edge|5132329|88|6493027 1,5,4,3,6,7,8,9,2 30 0
edge|5132334|49|3688417 8,7,6,3,4,5,1,2,9 227 0
edge|5132387|65|4972054 5,6,3,4,1,2,9,8,7 51 0
edge|5132393|31|4469763 9,2,1,4,3,5,6,7,8 243 0
edge|5133331|52|5769925 5,6,7,8,9,1,4,3,2 1 0
edge|5133368|123|5194883 3,6,5,7,8,9,2,1,4 7 0
edge|5133373|90|6235580 3,5,6,7,8,9,2,1,4 7 0
edge|5133859|61|3856248 2,9,8,7,6,3,4,5,1 30 0
edge|5133939|64|5509366 6,7,8,3,9,1,2,4,5 27 0
edge|5133955|97|4454068 5,4,1,9,8,7,6,3,2 7 0
edge|5134023|120|6035310 6,5,4,3,9,2,1,8,7 195 0
edge|5134043|116|5776090 2,1,4,5,7,8,9,3,6 35 0
edge|5134130|118|5971397 2,9,8,7,6,3,5,4,1 30 0
edge|5134516|68|5743743 2,9,8,3,4,5,6,7,1 2 0
edge|5135514|47|5385078 4,3,9,8,6,2,1,7,5 83 0
edge|5136156|47|4167117 5,7,6,2,1,8,9,3,4 112 0
edge|5136158|69|4350394 5,4,3,9,8,1,2,6,7 96 0
edge|5136358|32|5804581 1,2,3,4,5,6,8,7,9 0 0
edge|5136419|64|4403551 3,8,7,6,5,9,2,1,4 247 0
edge|5137104|55|6054086 3,2,7,1,9,8,6,5,4 121 0
edge|5137109|37|4434058 3,2,4,5,6,7,8,9,1 1 0
edge|5137120|98|6393471 5,4,9,8,2,3,1,7,6 103 0
edge|5137122|79|4098302 6,7,2,8,9,1,3,4,5 31 0
edge|5137130|78|4319280 8,7,1,6,5,4,3,2,9 255 0
edge|5137131|8|4425545 3,1,9,8,7,6,5,4,2 5 0
edge|5137135|66|6031453 7,6,5,8,1,9,4,3,2 129 0
edge|5137141|53|3658574 7,1,2,3,4,9,8,5,6 48 0
edge|5137154|6|4519036 4,3,2,5,6,1,7,8,9 14 0
edge|5137154|97|3591446 7,8,9,6,5,4,3,2,1 63 0
edge|5137154|102|3951965 1,3,2,6,5,4,9,8,7 7 0
edge|5137154|118|4448534 1,2,3,4,5,6,9,8,7 63 0
edge|5137177|109|6148155 6,7,1,3,2,8,9,4,5 103 0
edge|5137190|43|5679376 7,1,9,2,8,3,4,5,6 67 0
edge|5137247|23|4603565 6,5,4,3,1,9,2,8,7 63 0
edge|5137247|113|4499546 6,5,4,3,8,2,9,1,7 67 0
edge|5137248|47|4393290 8,9,1,3,4,5,6,7,2 125 0
edge|5137248|51|5765164 7,6,5,4,3,8,2,9,1 3 0
edge|5137257|9|3699224 4,5,8,9,7,6,1,2,3 24 0
edge|5137257|68|6503384 7,6,5,4,3,8,9,2,1 3 0
edge|5137265|83|3560761 3,2,9,8,7,1,6,5,4 6 0
edge|5137268|99|5927619 8,9,2,3,4,5,6,7,1 127 0
edge|5137282|34|4290962 1,6,7,9,8,5,4,3,2 30 0
edge|5137282|57|4974799 2,1,4,5,6,7,9,8,3 3 0
edge|5137318|88|5101902 3,8,9,7,6,5,4,1,2 3 0
edge|5137329|28|4885226 3,8,5,4,9,7,6,1,2 132 0
edge|5137345|36|4702080 8,9,6,7,1,2,3,4,5 0 0
edge|5137348|112|5754099 4,5,6,7,1,9,8,3,2 121 0
edge|5137353|32|4429067 7,4,5,6,3,2,1,9,8 71 0
edge|5137360|13|6568564 6,9,8,3,2,1,7,4,5 24 0
edge|5137385|117|4118731 2,3,4,5,8,9,7,6,1 30 0
edge|5137395|61|4904242 4,3,8,7,9,2,1,6,5 51 0
edge|5137399|81|5670521 2,3,8,9,1,7,6,5,4 121 0
edge|5137403|95|5243528 4,5,6,7,9,8,3,2,1 0 0
edge|5137403|118|5590843 9,7,6,8,5,4,3,2,1 128 0
edge|5137417|100|5966083 7,6,5,4,1,2,3,8,9 120 0
edge|5137417|118|5968615 7,9,8,3,2,1,4,5,6 56 0
edge|5137421|62|4353317 1,2,3,6,5,4,7,8,9 56 0
edge|5137438|81|4510766 3,4,7,8,9,5,6,1,2 12 0
edge|5137446|95|6043622 4,7,6,5,8,9,1,2,3 119 0
edge|5137476|82|5568333 9,1,2,3,4,5,8,6,7 127 0
edge|5137479|47|4519924 2,1,7,9,8,6,5,4,3 60 0
edge|5137479|106|6204443 2,3,8,9,7,4,5,6,1 57 0
edge|5137480|43|5940452 5,6,8,9,7,1,2,3,4 48 0
edge|5137483|58|4582334 5,8,6,7,9,1,2,3,4 143 0
edge|5137514|109|5613782 1,2,9,7,8,3,4,5,6 3 0
edge|5137523|11|4545568 6,5,8,7,9,4,3,2,1 48 0
edge|5137543|27|3772689 8,3,2,1,7,4,5,6,9 199 0
edge|5137547|18|4465050 4,5,7,8,9,6,1,2,3 24 0
edge|5137547|43|5471756 9,7,8,5,4,3,2,1,6 63 0
edge|5137554|28|4071337 9,8,3,4,5,6,7,1,2 0 0
edge|5137563|100|5863561 6,5,8,7,1,2,3,4,9 48 0
edge|5137579|59|5559840 8,3,4,5,9,2,1,6,7 99 0
edge|5137594|30|4384634 1,9,8,7,4,5,6,3,2 57 0
edge|5137594|56|4637072 6,7,4,5,9,8,3,2,1 96 0
edge|5137595|44|4547430 9,2,3,8,7,4,5,6,1 198 0
edge|5137647|106|5272557 2,1,9,7,6,8,5,4,3 131 0
edge|5137648|49|5283751 3,4,5,8,6,7,9,1,2 131 0
edge|5137651|75|5981933 9,6,5,8,7,4,3,2,1 192 0
edge|5137653|39|5848262 5,6,9,7,8,1,2,3,4 15 0
edge|5137656|117|5867586 8,5,6,9,1,2,3,4,7 143 0
edge|5137688|93|5947073 9,5,6,7,8,1,2,3,4 15 0
edge|5137755|95|5891197 4,2,5,6,7,8,9,1,3 5 0
edge|5137756|1|5633911 1,2,9,8,7,6,5,4,3 3 0
edge|5137757|13|4391340 1,3,4,5,6,7,8,9,2 2 0
edge|5137827|69|5970175 7,8,3,4,5,6,1,2,9 255 0
edge|5137827|79|6572722 5,4,3,8,7,1,2,9,6 223 0
edge|5137876|55|5997501 8,5,6,7,4,9,1,2,3 119 0
edge|5137881|86|5499414 5,6,7,4,2,1,9,3,8 11 0
edge|5137881|87|4291289 4,7,6,5,8,3,2,1,9 143 0
edge|5137883|61|5391387 4,9,8,7,1,2,3,6,5 48 0
edge|5137884|61|4903566 7,6,5,8,9,2,1,3,4 127 0
edge|5137915|4|5839294 9,4,3,2,1,7,8,5,6 48 0
edge|5137951|1|3856785 2,3,4,9,5,8,7,6,1 225 0
edge|5137966|61|4427326 3,2,1,9,8,5,6,7,4 119 0
edge|5137985|27|3984919 1,6,5,9,4,7,8,3,2 198 0
edge|5137985|31|4385493 9,4,7,8,3,2,1,6,5 247 0
edge|5137987|120|4652654 2,1,8,7,6,5,9,4,3 3 0
edge|5138037|27|6655715 9,6,1,2,3,4,5,7,8 192 0
edge|5138038|16|5800410 8,3,4,5,2,1,6,7,9 156 0
edge|5138038|66|5515452 5,4,3,8,9,7,6,1,2 0 0
edge|5138060|102|5138202 5,4,3,2,1,6,9,8,7 0 0
edge|5138137|49|5518376 6,7,9,8,3,4,5,2,1 3 0
edge|5138145|26|5691937 1,2,3,8,9,5,4,7,6 96 0
edge|5138177|20|5969737 8,9,7,6,1,2,5,4,3 28 0
edge|5138191|72|5747058 5,4,3,2,1,6,9,7,8 0 0
edge|5138259|29|5876315 7,6,1,5,4,3,2,9,8 127 0
edge|5138260|71|4967650 8,9,2,3,4,5,1,6,7 127 0
edge|5138273|34|6162564 7,1,2,9,8,3,4,5,6 67 0
edge|5138295|29|4471273 8,9,7,6,5,4,3,2,1 0 0
edge|5138300|34|4786448 7,6,5,4,3,8,9,1,2 3 0
edge|5138300|109|6457292 1,9,8,3,4,7,6,5,2 113 0
edge|5138306|102|6231399 6,7,4,3,8,9,1,2,5 99 0
edge|5138309|61|5138764 9,1,8,7,6,5,4,3,2 1 0
edge|5138312|8|4660229 5,6,7,4,3,1,2,9,8 15 0
edge|5138312|68|5568923 4,3,1,2,9,8,5,6,7 127 0
edge|5138315|112|5922589 6,7,1,2,9,8,5,4,3 127 0
edge|5138322|66|5035419 7,4,3,2,1,9,6,5,8 143 0
edge|5138415|8|4902629 5,8,9,2,1,7,6,3,4 115 0
edge|5138462|62|4256239 9,1,2,3,8,5,6,7,4 143 0
edge|5138499|42|5405667 1,2,9,5,4,3,8,7,6 3 0
edge|5138505|78|3970790 6,9,5,4,3,2,1,8,7 192 0
edge|5138525|15|4468465 8,9,6,1,2,3,4,5,7 64 0
edge|5138525|63|4155778 1,6,9,8,7,5,4,3,2 30 0
edge|5138528|53|4467808 9,8,5,4,3,2,1,6,7 127 0
edge|5138570|108|3951724 5,4,7,9,8,3,2,1,6 24 0
edge|5138580|3|3948959 8,7,4,9,5,6,1,2,3 192 0
edge|5138590|25|5446635 8,9,4,5,1,2,3,6,7 96 0
edge|5138605|11|4737315 7,6,3,2,1,5,4,9,8 96 0
edge|5138655|38|4973179 2,1,6,3,4,5,7,8,9 28 0
edge|5138665|112|6635285 6,5,4,7,8,9,1,2,3 63 0
edge|5138682|83|4601836 3,4,5,6,7,2,1,9,8 127 0
edge|5138682|93|5322728 1,2,5,4,3,8,9,7,6 3 0
edge|5138683|112|5869269 2,1,9,8,3,4,5,6,7 3 0
edge|5138711|70|4446673 6,5,4,3,8,9,2,1,7 67 0
edge|5138715|55|4647240 5,2,1,6,7,9,8,3,4 16 0
edge|5138715|66|4560979 3,4,5,8,9,2,1,7,6 127 0
edge|5138732|4|5349430 3,8,9,1,6,7,4,5,2 99 0
edge|5138732|88|5605471 2,9,8,7,6,1,5,4,3 2 0
edge|5138733|14|6232081 4,7,8,9,1,6,5,2,3 57 0
edge|5138734|73|5713424 7,8,9,2,3,4,5,1,6 63 0
edge|5138738|54|5024888 3,6,7,8,9,1,4,5,2 29 0
edge|5138739|82|6267291 3,1,9,8,7,6,2,5,4 7 0
edge|5138739|99|5138353 2,9,8,7,6,5,4,3,1 2 0
edge|5138741|64|4319281 4,5,2,6,7,8,9,1,3 7 0
edge|5138742|95|4419856 4,6,7,8,9,1,5,2,3 25 0
edge|5138743|17|3645140 3,8,7,6,1,9,2,5,4 231 0
edge|5138748|1|4519037 8,9,1,7,6,2,5,4,3 125 0
edge|5138748|49|3591446 5,4,3,6,7,8,9,1,2 31 0
edge|5138748|98|4448533 2,1,9,8,7,6,3,4,5 31 0
edge|5138748|119|3951952 2,9,1,6,7,8,3,4,5 255 0
edge|5138752|32|5251214 4,7,6,1,9,8,3,2,5 113 0
edge|5138758|82|4448494 2,5,4,3,6,7,8,9,1 29 0
edge|5138762|81|3887742 3,4,5,2,1,9,8,7,6 3 0
edge|5138765|89|6107375 1,2,3,6,7,5,4,8,9 96 0
edge|5138766|14|4839334 7,4,5,8,9,1,2,3,6 71 0
edge|5138766|123|5680826 2,5,4,1,9,8,7,6,3 29 0
edge|5138769|23|5593478 2,1,9,8,6,7,5,4,3 3 0
edge|5138769|124|5662324 1,9,3,4,8,7,6,5,2 241 0
edge|5138770|92|5623549 8,9,1,2,7,6,3,4,5 99 0
edge|5138772|109|4600047 9,1,2,3,6,7,5,4,8 135 0
edge|5138785|67|4431955 6,7,1,2,5,4,3,9,8 99 0
edge|5138790|60|5670117 5,4,3,6,7,2,1,9,8 99 0
edge|5138834|57|6561395 2,4,3,9,8,5,6,7,1 113 0
edge|5138909|121|4547190 4,8,9,3,6,7,1,2,5 107 0
edge|5138911|58|5939446 1,2,5,4,3,6,7,8,9 28 0
edge|5138915|21|4031058 4,3,9,8,7,6,5,2,1 3 0
edge|5138915|115|4890066 5,6,7,8,9,3,4,1,2 0 0
edge|5138937|115|4382260 2,3,4,8,9,1,7,6,5 127 0
edge|5138990|11|4535223 8,9,1,7,6,2,3,4,5 97 0
edge|5138990|115|5986131 6,7,1,9,8,2,3,4,5 97 0
edge|5139034|44|5596949 7,6,2,1,9,5,8,4,3 31 0
edge|5139044|60|5804158 1,2,6,7,3,4,8,5,9 124 0
edge|5139048|94|4038630 6,7,5,3,4,8,9,1,2 127 0
edge|5139119|55|4468141 3,4,8,9,1,2,6,7,5 15 0
edge|5139291|95|5192894 3,5,4,8,9,1,2,6,7 31 0
edge|5139388|61|5193402 4,5,3,7,6,2,1,9,8 3 0
edge|5139464|2|4209137 8,7,6,2,1,5,4,3,9 224 0
edge|5139543|84|5973228 9,8,7,6,2,1,3,4,5 3 0
edge|5139640|96|6604880 4,8,9,1,2,6,7,5,3 11 0
edge|5139705|28|4407727 5,4,8,9,1,7,6,2,3 121 0
edge|5139772|70|4603560 2,6,7,3,4,8,5,9,1 125 0
edge|5140009|29|5537940 5,7,6,3,2,1,9,8,4 15 0
edge|5140111|23|5993307 3,4,5,7,8,9,1,2,6 3 0
edge|5140185|59|5722713 2,3,4,8,9,1,7,5,6 127 0
edge|5140202|61|5423720 8,9,1,2,6,3,4,5,7 95 0
edge|5140256|63|4405008 8,3,4,5,6,2,9,1,7 67 0
edge|5140275|59|5782204 2,1,9,8,4,3,7,5,6 127 0
edge|5140364|120|3689887 1,2,6,7,5,3,4,8,9 124 0
edge|5140376|78|4476998 8,9,1,2,6,7,3,4,5 3 0
edge|5140817|0|4381067 3,2,6,7,1,9,8,4,5 121 0
edge|5140975|67|4404024 5,6,2,9,1,7,8,3,4 207 0
edge|5141385|92|5752345 8,9,1,2,6,7,3,5,4 3 0
edge|5141434|49|5781557 7,1,9,8,4,3,2,6,5 79 0
edge|5141526|62|5597452 3,2,6,5,9,1,4,8,7 241 0
edge|5141823|24|4418323 5,6,7,3,4,8,9,1,2 127 0
edge|5141823|62|5698119 8,9,1,2,6,5,7,3,4 3 0
edge|5141977|42|4418148 2,1,9,8,4,3,7,6,5 127 0
edge|5144039|69|5616788 6,7,1,2,9,8,3,4,5 99 0
edge|5144304|109|6236519 4,8,9,1,2,5,6,7,3 11 0
edge|5144387|7|5138697 5,4,3,7,6,2,1,9,8 3 0
edge|5146982|114|4778003 7,6,5,4,3,2,9,1,8 127 0
edge|5146984|80|6097719 3,2,7,6,1,9,8,5,4 25 0
edge|5147016|64|6613726 6,1,9,5,4,3,2,8,7 223 0
edge|5147017|52|4470898 2,3,4,5,9,1,6,7,8 31 0
edge|5147128|84|5984215 8,9,1,2,3,4,7,6,5 15 0
edge|5147367|65|4387206 5,1,2,3,4,9,8,7,6 16 0
edge|5147372|85|5990483 5,6,4,3,7,8,9,1,2 51 0
edge|5147477|14|5932063 5,4,1,9,8,7,6,2,3 7 0
edge|5147497|24|5899749 5,3,2,6,7,8,9,1,4 23 0
edge|5147501|18|5937169 8,7,4,3,5,6,2,1,9 195 0
edge|5147508|31|5738384 1,9,5,6,7,8,2,3,4 255 0
edge|5147548|21|4454449 9,1,4,3,2,6,7,8,5 225 0
edge|5147548|83|5409941 6,7,8,2,3,4,1,9,5 17 0
edge|5147554|65|6447484 5,8,7,6,2,3,4,1,9 225 0
edge|5147554|103|5974500 2,3,4,7,6,5,8,9,1 113 0
edge|5147621|43|4400747 4,7,8,9,5,6,1,2,3 56 0
edge|5147635|43|5679156 3,4,1,9,8,7,6,5,2 3 0
edge|5147636|42|4579433 3,4,5,6,7,1,9,8,2 125 0
edge|5147639|56|4401148 9,8,7,4,3,2,1,6,5 15 0
edge|5147655|29|6010159 8,4,1,9,5,3,2,6,7 151 0
edge|5147658|43|4345477 1,9,8,2,3,5,6,7,4 9 0
edge|5147658|94|4474738 2,3,5,6,7,4,1,9,8 119 0
edge|5147662|19|5788113 2,1,9,8,7,4,3,5,6 63 0
edge|5147666|53|5427440 3,2,6,7,4,1,9,8,5 113 0
edge|5147689|27|4231030 1,2,3,4,7,8,9,5,6 63 0
edge|5147692|16|4395450 7,6,5,9,1,2,8,3,4 255 0
edge|5147707|21|4452268 6,7,4,1,9,8,2,3,5 97 0
edge|5147721|37|5287881 9,1,7,6,5,4,3,2,8 255 0
edge|5147752|78|4221747 3,4,1,9,8,7,5,6,2 3 0
edge|5147754|51|4395418 9,1,4,3,2,6,5,7,8 241 0
edge|5147760|19|5702980 4,1,9,8,2,6,7,5,3 117 0
edge|5147852|25|4318056 3,2,6,1,9,8,7,5,4 7 0
edge|5147930|67|4647259 8,2,6,7,5,3,4,1,9 131 0
edge|5147943|118|4259642 1,9,8,7,6,2,5,3,4 31 0
edge|5147954|32|3983075 4,1,9,5,8,7,6,2,3 23 0
edge|5148421|82|4512945 2,3,7,6,4,5,8,9,1 25 0
edge|5148422|55|3776454 4,3,7,6,5,2,1,9,8 3 0
edge|5148809|102|5592703 3,7,6,5,9,8,4,1,2 124 0
edge|5148838|120|6033214 3,7,6,2,5,8,9,1,4 117 0
edge|5148961|96|5602543 1,2,3,7,6,5,9,8,4 127 0
edge|5149019|48|5609542 4,8,9,5,6,7,3,2,1 127 0
edge|5149268|21|5972489 5,9,8,4,1,2,3,7,6 24 0
edge|5149441|12|5536583 9,1,2,5,6,4,3,7,8 207 0
edge|5149515|76|6036846 7,6,4,3,5,2,1,9,8 99 0
edge|5149555|84|6057435 2,6,7,3,4,1,9,8,5 19 0
edge|5149556|95|5930341 5,2,3,4,1,9,8,7,6 17 0
