stab|0 1,9,8,7,6,5,4,3,2 1 0
stab|0 2,1,9,8,7,6,5,4,3 3 0
stab|0 9,1,2,3,4,5,6,7,8 255 0
stab|0 3,2,1,9,8,7,6,5,4 7 0
stab|0 8,9,1,2,3,4,5,6,7 127 0
stab|0 4,3,2,1,9,8,7,6,5 15 0
stab|0 7,8,9,1,2,3,4,5,6 63 0
stab|0 5,4,3,2,1,9,8,7,6 31 0
stab|0 6,7,8,9,1,2,3,4,5 31 0
stab|0 6,5,4,3,2,1,9,8,7 63 0
stab|0 5,6,7,8,9,1,2,3,4 15 0
stab|0 7,6,5,4,3,2,1,9,8 127 0
stab|0 4,5,6,7,8,9,1,2,3 7 0
stab|0 8,7,6,5,4,3,2,1,9 255 0
stab|0 3,4,5,6,7,8,9,1,2 3 0
stab|0 2,3,4,5,6,7,8,9,1 1 0
stab|0 9,8,7,6,5,4,3,2,1 0 0
stab|410 1,3,2,9,8,7,6,5,4 6 0
stab|417 1,7,6,5,4,3,2,9,8 127 0
stab|421 7,3,2,6,5,4,1,9,8 71 0
stab|429 5,3,2,4,1,9,8,7,6 23 0
stab|456 4,3,2,1,9,7,6,8,5 143 0
stab|459 9,8,7,5,4,6,3,2,1 32 0
stab|460 4,8,9,1,7,6,5,2,3 121 0
stab|467 1,5,4,3,2,9,8,7,6 31 0
stab|469 7,8,5,4,3,9,1,2,6 195 0
stab|479 9,8,7,4,6,5,3,2,1 8 0
stab|484 4,3,2,1,8,7,6,5,9 240 0
stab|487 9,6,5,4,3,2,8,7,1 62 0
stab|495 4,3,2,1,7,6,5,9,8 127 0
stab|496 3,2,1,7,8,9,4,5,6 0 0
stab|497 7,8,9,3,2,1,6,5,4 0 0
stab|497 6,5,4,9,8,7,1,2,3 0 0
stab|497 4,5,6,1,2,3,9,8,7 0 0
stab|505 7,5,4,3,2,6,1,9,8 95 0
stab|507 2,1,9,6,5,4,8,7,3 59 0
stab|510 9,8,6,5,4,3,7,2,1 0 0
stab|518 4,3,2,1,5,9,8,7,6 31 0
stab|519 2,1,8,7,6,5,4,3,9 3 0
stab|521 9,2,8,7,6,5,4,3,1 2 0
stab|522 9,5,4,3,2,6,8,7,1 30 0
stab|524 4,3,2,1,9,7,6,8,5 15 0
stab|526 9,3,2,8,7,6,5,4,1 248 0
stab|532 7,2,6,5,4,3,1,9,8 125 0
stab|535 2,1,4,3,5,9,8,7,6 28 0
stab|536 9,8,3,5,4,7,6,2,1 96 0
stab|538 2,1,9,5,4,7,6,8,3 27 0
stab|540 9,3,2,6,5,4,8,7,1 56 0
stab|541 2,1,9,7,6,5,4,8,3 131 0
stab|542 5,7,8,9,1,6,2,3,4 49 0
stab|543 7,5,4,3,2,6,1,9,8 97 0
stab|545 8,5,6,7,2,3,4,1,9 129 0
stab|546 7,1,9,8,4,3,2,5,6 79 0
stab|546 2,7,6,5,8,9,1,4,3 115 0
stab|547 5,6,7,4,1,2,3,9,8 8 0
stab|548 9,8,3,7,6,5,4,2,1 0 0
stab|549 9,4,3,2,6,5,8,7,1 48 0
stab|550 4,3,2,1,6,5,9,8,7 48 0
stab|551 7,4,3,2,6,5,1,9,8 113 0
stab|552 6,5,9,8,3,4,7,1,2 115 0
stab|552 8,9,5,6,2,1,7,4,3 60 0
stab|553 8,5,4,3,2,7,6,1,9 225 0
stab|554 1,4,5,9,8,3,2,6,7 120 0
stab|554 1,7,6,2,3,8,9,5,4 121 0
stab|555 4,3,2,1,5,9,8,7,6 16 0
stab|556 5,9,1,2,3,8,6,7,4 247 0
stab|556 3,4,5,9,1,7,8,6,2 253 0
stab|557 4,3,2,1,8,7,6,5,9 15 0
stab|558 3,8,7,4,1,9,5,6,2 245 0
stab|558 5,9,1,4,7,8,3,2,6 215 0
stab|559 7,6,3,5,4,2,1,9,8 127 0
stab|560 6,7,4,5,3,8,9,1,2 99 0
stab|560 8,9,5,3,4,1,2,6,7 124 0
edge|539|5|520 7,8,9,5,4,3,2,1,6 63 0
edge|539|26|544 3,2,1,4,5,9,8,7,6 24 0
