stab|0 1,9,8,7,6,5,4,3,2 1 0
stab|0 2,1,9,8,7,6,5,4,3 3 0
stab|0 9,1,2,3,4,5,6,7,8 255 0
stab|0 3,2,1,9,8,7,6,5,4 7 0
stab|0 8,9,1,2,3,4,5,6,7 127 0
stab|0 4,3,2,1,9,8,7,6,5 15 0
stab|0 7,8,9,1,2,3,4,5,6 63 0
stab|0 5,4,3,2,1,9,8,7,6 31 0
stab|0 6,7,8,9,1,2,3,4,5 31 0
stab|0 6,5,4,3,2,1,9,8,7 63 0
stab|0 5,6,7,8,9,1,2,3,4 15 0
stab|0 7,6,5,4,3,2,1,9,8 127 0
stab|0 4,5,6,7,8,9,1,2,3 7 0
stab|0 8,7,6,5,4,3,2,1,9 255 0
stab|0 3,4,5,6,7,8,9,1,2 3 0
stab|0 2,3,4,5,6,7,8,9,1 1 0
stab|0 9,8,7,6,5,4,3,2,1 0 0
stab|402 1,3,2,9,8,7,6,5,4 6 0
stab|410 1,7,6,5,4,3,2,9,8 127 0
stab|413 7,3,2,6,5,4,1,9,8 71 0
stab|421 5,3,2,4,1,9,8,7,6 23 0
stab|448 4,3,2,1,9,7,6,8,5 143 0
stab|450 9,8,7,5,4,6,3,2,1 32 0
stab|451 4,8,9,1,7,6,5,2,3 121 0
stab|459 1,5,4,3,2,9,8,7,6 31 0
stab|460 7,8,5,4,3,9,1,2,6 195 0
stab|469 9,8,7,4,6,5,3,2,1 8 0
stab|474 4,3,2,1,8,7,6,5,9 240 0
stab|477 9,6,5,4,3,2,8,7,1 62 0
stab|485 4,3,2,1,7,6,5,9,8 127 0
stab|486 3,2,1,7,8,9,4,5,6 0 0
stab|487 7,8,9,3,2,1,6,5,4 0 0
stab|487 6,5,4,9,8,7,1,2,3 0 0
stab|487 4,5,6,1,2,3,9,8,7 0 0
stab|495 7,5,4,3,2,6,1,9,8 95 0
stab|497 2,1,9,6,5,4,8,7,3 59 0
stab|500 9,8,6,5,4,3,7,2,1 0 0
stab|507 4,3,2,1,5,9,8,7,6 31 0
stab|508 2,1,8,7,6,5,4,3,9 3 0
stab|509 9,2,8,7,6,5,4,3,1 2 0
stab|510 9,5,4,3,2,6,8,7,1 30 0
stab|512 4,3,2,1,9,7,6,8,5 15 0
stab|514 9,3,2,8,7,6,5,4,1 248 0
stab|520 7,2,6,5,4,3,1,9,8 125 0
stab|523 2,1,4,3,5,9,8,7,6 28 0
stab|524 9,8,3,5,4,7,6,2,1 96 0
stab|526 2,1,9,5,4,7,6,8,3 27 0
stab|527 9,3,2,6,5,4,8,7,1 56 0
stab|528 2,1,9,7,6,5,4,8,3 131 0
stab|529 5,7,8,9,1,6,2,3,4 49 0
stab|530 7,5,4,3,2,6,1,9,8 97 0
stab|531 8,5,6,7,2,3,4,1,9 129 0
stab|532 7,1,9,8,4,3,2,5,6 79 0
stab|532 2,7,6,5,8,9,1,4,3 115 0
stab|533 5,6,7,4,1,2,3,9,8 8 0
stab|534 9,8,3,7,6,5,4,2,1 0 0
stab|535 9,4,3,2,6,5,8,7,1 48 0
stab|536 4,3,2,1,6,5,9,8,7 48 0
stab|537 7,4,3,2,6,5,1,9,8 113 0
stab|538 6,5,9,8,3,4,7,1,2 115 0
stab|538 8,9,5,6,2,1,7,4,3 60 0
stab|539 8,5,4,3,2,7,6,1,9 225 0
stab|540 1,4,5,9,8,3,2,6,7 120 0
stab|540 1,7,6,2,3,8,9,5,4 121 0
stab|541 4,3,2,1,5,9,8,7,6 16 0
stab|542 5,9,1,2,3,8,6,7,4 247 0
stab|542 3,4,5,9,1,7,8,6,2 253 0
stab|543 4,3,2,1,8,7,6,5,9 15 0
stab|544 3,8,7,4,1,9,5,6,2 245 0
stab|544 5,9,1,4,7,8,3,2,6 215 0
stab|545 7,6,3,5,4,2,1,9,8 127 0
stab|546 6,7,4,5,3,8,9,1,2 99 0
stab|546 8,9,5,3,4,1,2,6,7 124 0
edge|454|62|489 8,7,6,5,4,1,2,3,9 248 0
