stab|0 1,8,7,6,5,4,3,2 1 0
stab|0 2,1,8,7,6,5,4,3 3 0
stab|0 8,1,2,3,4,5,6,7 127 0
stab|0 3,2,1,8,7,6,5,4 7 0
stab|0 7,8,1,2,3,4,5,6 63 0
stab|0 4,3,2,1,8,7,6,5 15 0
stab|0 6,7,8,1,2,3,4,5 31 0
stab|0 5,4,3,2,1,8,7,6 31 0
stab|0 5,6,7,8,1,2,3,4 15 0
stab|0 6,5,4,3,2,1,8,7 63 0
stab|0 4,5,6,7,8,1,2,3 7 0
stab|0 7,6,5,4,3,2,1,8 127 0
stab|0 3,4,5,6,7,8,1,2 3 0
stab|0 2,3,4,5,6,7,8,1 1 0
stab|0 8,7,6,5,4,3,2,1 0 0
edge|34|29|108 5,4,3,2,1,6,7,8 0 0
edge|37|31|107 5,6,7,8,1,4,3,2 1 0
edge|41|39|121 3,2,1,8,5,6,7,4 119 0
edge|41|44|121 6,7,8,1,4,3,2,5 17 0
edge|49|27|107 8,7,6,5,4,1,2,3 7 0
edge|49|47|122 7,6,5,4,1,2,3,8 120 0
stab|185 4,7,8,1,6,5,2,3 57 0
stab|188 1,8,7,4,3,2,5,6 15 0
stab|188 1,6,5,4,7,8,3,2 57 0
stab|188 4,5,6,1,2,3,8,7 0 0
edge|72|7|189 2,3,4,7,8,1,6,5 63 0
edge|73|15|201 5,4,3,8,7,6,1,2 0 0
stab|218 6,7,4,3,8,1,2,5 99 0
edge|73|36|201 8,1,2,5,6,7,4,3 15 0
edge|73|63|190 8,3,4,5,2,1,6,7 99 0
edge|73|68|190 5,2,1,8,3,4,7,6 99 0
edge|75|24|211 6,7,8,3,4,5,2,1 3 0
stab|222 2,1,6,7,8,3,4,5 0 0
edge|77|60|217 2,5,6,7,4,3,8,1 113 0
edge|78|36|211 7,6,5,2,1,8,3,4 3 0
edge|94|23|204 3,8,7,6,1,2,5,4 24 0
edge|97|23|264 5,6,1,8,7,4,3,2 63 0
edge|98|37|272 5,2,3,4,1,8,7,6 17 0
edge|107|4|49 6,7,8,5,4,3,2,1 31 0
edge|107|29|145 3,2,1,6,7,8,5,4 24 0
edge|107|51|292 5,8,7,6,1,2,3,4 16 0
edge|115|25|150 4,3,2,5,6,7,8,1 15 0
edge|121|14|41 4,7,6,5,8,1,2,3 119 0
edge|121|28|201 2,3,4,7,6,5,8,1 113 0
edge|121|41|218 6,5,8,1,2,3,4,7 63 0
edge|122|31|49 5,6,7,4,3,2,1,8 15 0
edge|122|40|207 7,4,3,2,1,8,5,6 63 0
edge|123|43|219 3,4,1,8,7,6,5,2 3 0
edge|134|27|268 8,5,4,3,2,1,6,7 127 0
edge|134|43|268 6,1,2,3,4,5,8,7 63 0
edge|134|56|49 8,7,6,1,2,3,4,5 0 0
edge|136|6|219 2,1,4,5,6,7,8,3 3 0
edge|136|28|160 1,2,3,8,7,6,5,4 0 0
edge|136|41|261 4,5,6,7,8,3,2,1 0 0
edge|143|31|376 6,5,4,1,2,3,8,7 56 0
edge|143|52|378 4,5,6,3,2,1,8,7 7 0
edge|145|41|109 3,2,1,8,7,4,5,6 63 0
edge|150|21|115 8,3,2,1,4,5,6,7 120 0
edge|166|63|391 1,8,7,4,5,6,3,2 57 0
edge|181|22|404 2,1,8,3,4,5,6,7 3 0
edge|185|64|75 6,5,2,3,4,7,8,1 15 0
edge|186|48|483 6,1,2,3,8,7,4,5 24 0
edge|188|9|73 3,2,5,6,1,8,7,4 57 0
edge|188|55|73 7,8,3,2,1,6,5,4 0 0
edge|196|56|514 7,6,1,2,5,4,3,8 99 0
edge|201|24|121 8,1,2,3,6,5,4,7 71 0
edge|201|33|74 2,3,8,7,4,5,6,1 57 0
edge|201|42|527 1,6,5,4,3,2,7,8 0 0
edge|201|56|121 5,4,7,8,3,2,1,6 24 0
edge|202|34|121 8,1,6,5,2,3,4,7 113 0
edge|207|2|135 2,3,4,5,6,1,8,7 63 0
edge|207|47|123 5,4,3,2,7,8,1,6 33 0
edge|211|3|75 8,7,4,5,6,1,2,3 63 0
edge|218|9|527 8,1,2,5,4,3,6,7 99 0
edge|218|60|528 5,2,1,8,7,6,3,4 15 0
edge|218|61|121 3,8,1,2,7,6,5,4 123 0
edge|218|66|121 4,5,6,7,2,1,8,3 123 0
edge|218|67|76 3,4,7,6,5,2,1,8 15 0
edge|219|54|530 8,3,4,5,6,7,2,1 0 0
edge|221|31|527 8,7,6,5,2,1,4,3 15 0
edge|221|66|529 5,6,7,8,3,4,1,2 0 0
edge|224|32|484 1,8,3,4,7,6,5,2 113 0
edge|263|14|529 3,4,5,6,1,2,7,8 63 0
edge|266|32|637 5,6,1,2,3,4,7,8 63 0
edge|268|58|635 6,5,4,3,2,7,8,1 1 0
edge|272|55|350 7,8,1,4,3,2,5,6 49 0
edge|282|24|364 7,6,1,2,3,4,5,8 127 0
edge|314|45|495 2,5,6,7,8,1,4,3 3 0
edge|326|57|511 8,1,4,3,2,5,6,7 113 0
edge|327|28|490 2,1,8,7,4,3,6,5 63 0
edge|327|63|561 1,2,5,6,3,4,7,8 60 0
edge|328|11|719 2,3,4,5,8,7,6,1 30 0
edge|349|12|637 7,8,3,4,5,6,1,2 0 0
edge|349|32|561 4,3,8,7,2,1,6,5 51 0
edge|350|1|642 2,6,5,1,8,7,4,3 61 0
edge|350|8|274 3,6,5,4,7,8,1,2 59 0
edge|350|14|358 7,4,3,2,6,5,1,8 113 0
edge|350|59|375 4,7,8,1,5,6,2,3 57 0
edge|351|16|646 3,5,6,2,1,8,7,4 11 0
edge|351|33|706 3,4,7,8,1,2,6,5 15 0
edge|765|11|409 7,6,2,1,8,5,4,3 31 0
edge|766|32|637 6,7,3,2,1,8,5,4 127 0
edge|766|51|477 7,6,4,5,8,1,2,3 31 0
edge|766|58|716 2,3,7,6,4,5,8,1 25 0
edge|768|40|428 4,1,8,7,3,2,6,5 49 0
edge|769|26|708 5,4,1,8,7,6,2,3 7 0
edge|769|34|478 8,1,4,5,3,2,6,7 97 0
edge|769|62|637 2,3,1,8,7,6,5,4 7 0
edge|771|31|703 1,7,8,2,3,4,5,6 62 0
edge|771|38|772 6,5,4,3,2,1,7,8 0 0
edge|771|51|609 1,6,5,4,3,2,8,7 63 0
edge|773|31|709 6,7,1,2,8,3,4,5 99 0
edge|773|32|573 7,6,5,4,3,8,2,1 3 0
edge|773|38|774 1,2,8,7,6,5,4,3 3 0
edge|774|21|711 6,5,4,3,8,2,1,7 67 0
edge|783|56|690 3,4,5,6,7,2,1,8 127 0
edge|561|34|349 6,5,2,1,8,7,4,3 15 0
edge|568|38|572 5,4,3,2,1,6,8,7 0 0
edge|573|8|773 8,7,5,4,3,2,1,6 63 0
edge|637|31|766 5,4,3,8,7,1,2,6 32 0
edge|637|62|769 3,1,2,8,7,6,5,4 7 0
edge|640|51|651 6,2,3,7,8,1,4,5 33 0
edge|642|31|415 5,4,1,8,2,3,7,6 103 0
edge|642|57|372 4,5,6,7,3,2,8,1 127 0
edge|643|28|706 8,1,4,5,6,7,3,2 1 0
edge|645|18|646 8,2,3,7,6,5,4,1 126 0
edge|660|36|661 2,1,8,5,4,6,7,3 27 0
edge|661|60|689 4,5,8,1,2,6,7,3 27 0
edge|665|34|404 6,7,3,4,5,8,1,2 127 0
edge|684|25|714 3,2,6,7,1,8,5,4 121 0
edge|696|12|374 1,4,5,6,2,3,7,8 56 0
edge|702|38|708 1,4,5,6,7,8,2,3 7 0
edge|704|3|699 2,8,7,3,4,5,6,1 2 0
edge|704|8|697 3,7,8,2,1,6,5,4 59 0
edge|704|57|358 5,6,1,2,8,7,3,4 51 0
edge|709|31|773 3,4,6,7,8,1,2,5 15 0
edge|709|33|433 3,4,6,5,2,1,8,7 15 0
edge|709|38|711 8,1,2,5,6,4,3,7 79 0
edge|710|63|714 3,4,6,7,5,8,1,2 115 0
edge|711|21|774 7,6,4,3,2,1,8,5 31 0
edge|714|63|710 7,8,1,2,5,3,4,6 35 0
edge|714|66|684 5,2,1,8,7,3,4,6 35 0
edge|719|63|328 8,1,2,3,4,7,6,5 15 0
edge|359|14|660 6,7,8,3,4,2,1,5 19 0
edge|359|17|361 1,2,6,7,8,3,4,5 3 0
edge|359|32|369 2,1,5,4,3,8,7,6 0 0
edge|360|58|665 4,3,8,7,6,2,1,5 19 0
edge|365|18|678 7,8,3,4,5,1,2,6 32 0
edge|367|13|714 6,5,1,2,4,3,8,7 51 0
edge|372|9|645 8,6,5,1,2,3,4,7 64 0
edge|374|51|696 1,5,6,2,3,4,7,8 14 0
edge|478|34|769 2,6,5,3,4,7,8,1 61 0
edge|484|56|224 4,3,8,1,2,5,6,7 3 0
edge|490|66|327 2,1,6,5,8,7,4,3 12 0
edge|495|59|314 6,1,8,7,2,3,4,5 33 0
edge|511|56|326 2,5,4,3,6,7,8,1 29 0
edge|527|30|221 6,5,8,7,4,3,2,1 15 0
edge|527|32|201 4,5,6,1,8,7,2,3 57 0
edge|527|44|221 5,6,3,2,1,8,7,4 15 0
edge|527|55|218 2,3,6,5,4,7,8,1 57 0
edge|528|4|218 3,2,7,8,1,6,5,4 57 0
edge|529|65|221 7,8,5,6,1,2,3,4 0 0
edge|530|52|219 8,7,2,3,4,5,6,1 0 0
edge|769|31|877 7,8,1,4,5,2,3,6 39 0
edge|777|1|905 8,3,2,4,7,6,5,1 8 0
edge|779|3|908 7,4,5,1,8,3,2,6 57 0
edge|781|38|928 1,8,3,5,4,7,6,2 97 0
edge|784|28|942 1,2,7,6,5,4,3,8 0 0
edge|794|56|944 4,7,6,2,3,8,1,5 113 0
edge|580|37|861 3,4,5,7,8,1,6,2 61 0
edge|587|68|1091 7,5,4,3,2,6,1,8 97 0
edge|589|16|1007 1,6,7,4,5,2,3,8 24 0
edge|594|21|861 7,6,1,5,4,3,2,8 127 0
edge|595|60|888 5,1,6,7,8,2,3,4 14 0
edge|599|37|1116 1,5,4,3,2,8,7,6 31 0
edge|620|43|1118 2,6,7,8,1,3,4,5 31 0
edge|648|29|938 1,6,5,4,8,7,3,2 57 0
edge|650|20|913 6,1,2,3,7,8,4,5 24 0
edge|650|35|946 3,4,8,1,2,5,6,7 15 0
edge|654|0|1226 1,6,7,8,5,2,3,4 16 0
edge|688|32|882 8,7,6,1,4,3,2,5 14 0
edge|691|22|890 3,4,5,2,1,8,7,6 3 0
edge|713|30|1252 8,7,6,5,2,3,4,1 14 0
edge|713|37|1318 7,6,5,8,1,2,3,4 127 0
edge|713|39|970 4,3,7,8,1,2,5,6 3 0
edge|718|4|1333 8,3,2,7,6,5,4,1 120 0
edge|718|32|1334 5,2,3,6,7,8,1,4 17 0
edge|718|64|1332 1,6,7,8,5,4,3,2 30 0
edge|719|3|1334 4,7,6,3,2,1,8,5 119 0
edge|723|16|1330 2,3,4,1,6,7,8,5 30 0
edge|725|3|1334 1,6,7,2,3,4,5,8 30 0
edge|726|62|1341 6,5,4,1,8,3,2,7 65 0
edge|726|68|1363 1,4,5,6,7,2,3,8 120 0
edge|737|60|1350 7,6,5,8,3,2,1,4 120 0
edge|741|51|1363 4,1,8,7,6,3,2,5 17 0
edge|742|29|1142 1,8,7,6,5,2,3,4 15 0
edge|363|39|1250 8,5,6,7,4,3,2,1 112 0
edge|378|27|1401 3,2,1,6,5,4,7,8 63 0
edge|405|51|1198 7,8,3,2,1,4,5,6 56 0
edge|444|43|1197 4,3,8,1,2,7,6,5 115 0
edge|494|41|1348 1,8,7,6,3,4,5,2 29 0
edge|503|13|1337 5,2,3,8,1,6,7,4 113 0
edge|503|19|1461 2,5,4,7,6,1,8,3 99 0
edge|503|56|1337 8,3,2,5,4,7,6,1 24 0
edge|504|6|1335 7,8,1,6,5,4,3,2 63 0
edge|520|65|1098 4,7,6,1,8,3,2,5 113 0
edge|549|39|1460 6,1,8,3,2,5,4,7 57 0
edge|554|23|1389 6,5,2,1,4,3,8,7 48 0
edge|1402|55|926 3,8,1,5,6,7,4,2 115 0
edge|1402|63|1238 3,6,7,8,1,5,4,2 29 0
edge|1450|44|1143 3,8,7,6,5,1,2,4 8 0
edge|1458|44|885 8,2,1,3,4,5,6,7 127 0
edge|1461|14|503 7,4,5,2,3,8,1,6 57 0
edge|1204|52|430 5,4,3,6,7,8,1,2 31 0
edge|1208|5|979 4,1,2,6,5,8,7,3 56 0
edge|1211|13|1212 6,5,4,1,8,7,3,2 1 0
edge|1212|22|1288 4,8,7,3,2,1,6,5 8 0
edge|1213|31|927 6,5,8,2,1,4,3,7 51 0
edge|1214|41|986 2,1,4,8,5,6,7,3 124 0
edge|1226|30|654 1,4,3,2,5,8,7,6 17 0
edge|1226|36|936 2,5,4,6,1,8,7,3 35 0
edge|1226|38|936 8,5,6,4,1,2,3,7 119 0
edge|1228|24|1269 6,5,2,1,8,4,3,7 79 0
edge|1231|31|977 4,5,2,8,1,6,7,3 103 0
edge|1232|36|937 8,1,6,2,5,4,3,7 125 0
edge|1237|7|945 3,2,5,8,7,6,1,4 24 0
edge|1237|68|1319 7,6,2,3,4,5,8,1 31 0
edge|1238|17|1321 4,3,7,6,2,1,8,5 19 0
edge|1238|44|1402 5,8,1,7,6,2,3,4 113 0
edge|1243|33|1321 3,4,5,8,1,7,6,2 125 0
edge|1249|26|1190 7,3,2,6,5,4,1,8 71 0
edge|1258|62|865 1,2,5,6,7,3,4,8 124 0
edge|1259|67|976 1,4,3,7,8,5,6,2 49 0
edge|1294|35|940 5,2,3,7,8,1,6,4 49 0
edge|1297|11|1321 8,7,3,4,6,5,2,1 48 0
edge|1299|28|1147 1,8,5,4,3,7,6,2 125 0
edge|1311|47|925 3,4,1,7,6,5,8,2 115 0
edge|1311|56|715 5,6,7,8,3,2,1,4 8 0
edge|1313|22|841 6,5,4,1,3,2,8,7 62 0
edge|1314|56|1195 3,7,8,4,5,6,1,2 59 0
edge|1318|33|920 8,7,6,3,2,1,4,5 7 0
edge|1319|51|1238 8,3,4,5,6,2,1,7 67 0
edge|1320|45|804 7,6,4,3,5,2,1,8 99 0
edge|1321|34|1243 5,8,1,2,3,7,6,4 119 0
edge|1324|39|914 5,8,7,3,2,1,4,6 24 0
edge|1330|56|723 4,1,2,3,8,5,6,7 120 0
edge|1330|59|723 8,5,6,7,4,1,2,3 119 0
edge|1333|17|718 7,2,3,8,1,4,5,6 65 0
edge|1335|20|504 3,8,7,6,5,4,1,2 3 0
edge|1335|25|503 6,7,8,3,2,1,4,5 24 0
edge|1338|0|718 3,6,7,4,5,8,1,2 27 0
edge|1338|14|718 3,4,5,8,1,6,7,2 125 0
edge|1338|26|718 3,8,1,6,7,4,5,2 99 0
edge|1338|69|718 5,8,1,2,3,6,7,4 119 0
edge|1342|37|519 1,8,5,6,7,4,3,2 113 0
edge|1363|61|741 2,7,6,1,8,5,4,3 125 0
edge|1369|6|507 5,4,1,2,3,8,7,6 24 0
edge|1388|66|554 4,3,6,5,2,1,8,7 3 0
edge|1006|53|491 4,5,2,1,6,7,8,3 24 0
edge|1030|66|1033 2,1,6,5,4,3,7,8 0 0
edge|1036|1|888 1,5,6,8,7,4,3,2 14 0
edge|1037|62|990 8,7,1,6,5,4,3,2 0 0
edge|1037|65|990 7,8,4,3,2,1,6,5 0 0
edge|1045|48|805 4,5,7,8,6,1,2,3 24 0
edge|1072|22|869 3,2,1,8,7,5,6,4 55 0
edge|1126|30|827 4,5,6,1,7,8,2,3 6 0
edge|1143|44|1450 6,7,1,8,5,4,3,2 127 0
edge|1189|54|1036 1,8,7,6,2,3,5,4 31 0
edge|1195|47|1314 7,8,1,4,5,6,2,3 7 0
edge|1197|34|444 4,5,2,1,8,7,6,3 7 0
edge|805|26|1045 6,7,8,1,2,5,3,4 3 0
edge|822|26|1134 4,7,8,1,2,3,5,6 63 0
edge|822|53|1314 4,6,5,3,2,1,8,7 55 0
edge|837|3|875 8,1,2,3,4,6,5,7 79 0
edge|842|26|945 2,3,8,5,6,7,4,1 113 0
edge|845|13|604 6,8,1,2,3,7,4,5 103 0
edge|851|29|595 3,7,6,5,4,2,1,8 127 0
edge|857|6|931 5,4,7,3,8,1,2,6 27 0
edge|865|11|1258 1,2,6,7,3,4,5,8 124 0
edge|869|39|1072 3,2,1,8,6,7,5,4 103 0
edge|875|3|837 2,3,4,5,7,6,8,1 97 0
edge|881|59|767 5,6,7,4,1,2,3,8 8 0
edge|882|11|687 4,7,6,5,8,3,2,1 112 0
edge|883|57|1201 3,2,4,5,6,7,8,1 1 0
edge|905|16|943 8,3,6,5,1,2,4,7 115 0
edge|905|51|953 5,4,2,3,6,7,8,1 7 0
edge|906|30|948 5,6,2,7,4,3,8,1 67 0
edge|907|51|1329 5,6,7,4,2,3,8,1 9 0
edge|909|18|929 7,8,3,6,2,1,5,4 32 0
edge|913|48|650 2,3,4,7,8,1,5,6 63 0
edge|913|53|1267 1,8,3,2,6,7,4,5 97 0
edge|913|66|1295 6,2,3,8,1,7,4,5 97 0
edge|914|61|1324 6,5,4,7,1,8,3,2 65 0
edge|916|29|1222 2,3,8,1,5,4,7,6 25 0
edge|917|42|850 8,1,2,7,4,5,6,3 71 0
edge|919|52|1294 5,1,8,3,2,4,7,6 25 0
edge|920|62|1318 6,5,4,7,8,3,2,1 56 0
edge|925|13|1311 3,8,1,2,6,5,4,7 67 0
edge|925|42|962 6,5,3,8,7,4,1,2 8 0
edge|926|41|1293 5,4,7,6,2,1,8,3 27 0
edge|926|61|1402 3,8,1,7,4,5,6,2 67 0
edge|928|16|938 8,7,4,3,5,6,2,1 60 0
edge|930|13|912 8,3,4,2,1,5,6,7 115 0
edge|931|39|857 6,7,4,2,1,8,3,5 99 0
edge|931|60|1309 2,4,7,6,5,3,8,1 9 0
edge|932|43|1245 5,3,8,1,2,6,7,4 11 0
edge|936|18|1216 2,1,8,3,5,6,7,4 11 0
edge|936|32|938 5,3,2,4,1,8,7,6 23 0
edge|938|12|648 1,8,7,4,3,2,6,5 15 0
edge|942|23|650 4,5,1,2,6,7,8,3 27 0
edge|945|33|1237 7,2,1,8,3,6,5,4 123 0
edge|946|11|986 7,6,3,5,4,2,1,8 99 0
edge|969|28|715 5,6,2,1,7,8,3,4 48 0
edge|990|57|1037 3,8,7,6,5,4,2,1 0 0
edge|990|64|1048 6,5,4,3,8,7,1,2 0 0
edge|1239|67|1693 7,1,4,3,2,8,5,6 62 0
edge|1243|60|1690 2,3,4,1,7,8,5,6 62 0
edge|1252|51|1690 3,2,1,4,6,5,8,7 55 0
edge|1266|63|1690 6,7,8,5,3,2,1,4 23 0
edge|1267|54|1693 3,5,8,7,6,2,1,4 23 0
edge|1267|60|1671 6,5,8,7,3,4,1,2 51 0
edge|1294|34|1548 6,1,8,4,5,2,3,7 57 0
edge|1295|33|1692 3,1,8,7,6,4,5,2 29 0
edge|1309|65|1671 6,1,8,7,3,2,5,4 57 0
edge|1315|34|1761 8,2,1,4,3,5,6,7 115 0
edge|1315|54|1697 2,1,4,3,7,6,5,8 124 0
edge|1327|65|1691 7,1,2,3,4,6,5,8 112 0
edge|1331|63|1627 1,2,5,4,3,8,7,6 3 0
edge|1333|57|1773 1,4,5,8,3,2,7,6 120 0
edge|1333|64|1771 6,5,4,7,2,3,8,1 65 0
edge|1334|64|1773 8,5,4,1,6,7,2,3 30 0
edge|1336|60|1636 6,5,4,3,8,7,2,1 3 0
edge|1337|4|1768 2,3,8,1,6,5,4,7 57 0
edge|1339|16|1768 6,7,4,5,2,1,8,3 99 0
edge|1339|68|1629 7,4,3,2,5,6,1,8 113 0
edge|1344|6|1769 2,1,8,5,4,7,6,3 27 0
edge|1345|7|1775 3,6,7,2,1,8,5,4 27 0
edge|1350|34|1781 6,5,8,3,4,1,2,7 51 0
edge|1360|7|1768 7,6,1,8,3,4,5,2 99 0
edge|1361|24|1654 4,1,6,7,2,3,8,5 113 0
edge|1362|46|1799 8,1,6,7,2,5,4,3 125 0
edge|1364|65|1802 7,4,5,6,1,8,3,2 57 0
edge|1367|48|1795 6,7,8,5,2,3,4,1 17 0
edge|1367|68|1631 2,3,8,5,4,1,6,7 24 0
edge|1370|5|1627 8,7,2,1,6,5,4,3 63 0
edge|1371|53|1643 1,4,7,6,3,2,5,8 24 0
edge|1389|6|1627 5,6,3,4,7,8,1,2 63 0
edge|1038|18|1503 4,7,8,1,2,3,6,5 15 0
edge|1054|47|1964 1,2,3,7,6,5,4,8 0 0
edge|1055|23|1799 6,7,4,5,8,3,2,1 96 0
edge|1066|34|1863 2,3,4,5,7,6,1,8 97 0
edge|1066|62|1854 7,6,1,8,2,3,4,5 127 0
edge|1087|5|1980 5,7,8,1,6,2,3,4 49 0
edge|1096|30|1855 4,5,2,3,1,8,7,6 7 0
edge|1096|58|1855 1,8,7,6,4,5,2,3 25 0
edge|1096|69|2022 2,1,8,4,5,6,7,3 3 0
edge|1104|24|1863 7,8,1,6,3,2,5,4 39 0
edge|1118|68|1857 3,2,5,4,1,6,7,8 6 0
edge|1188|38|1802 6,1,8,7,4,5,2,3 57 0
edge|1197|63|1503 5,2,1,6,7,8,3,4 16 0
edge|1198|54|1765 3,4,5,2,1,6,7,8 28 0
edge|802|57|1965 8,7,6,3,4,1,2,5 3 0
edge|802|61|1927 7,8,5,2,1,4,3,6 60 0
edge|806|43|1542 7,8,5,3,4,1,2,6 60 0
edge|806|66|1574 8,7,6,2,1,4,3,5 3 0
edge|818|40|1631 3,2,5,8,1,4,7,6 113 0
edge|820|24|1931 8,5,6,3,2,1,4,7 119 0
edge|845|30|1912 1,8,3,7,6,5,4,2 1 0
edge|850|69|1761 7,3,8,1,2,4,5,6 59 0
edge|851|38|1921 2,1,8,6,5,4,7,3 59 0
edge|856|35|1975 8,6,5,4,7,3,2,1 56 0
edge|885|25|1790 5,4,1,8,7,2,3,6 39 0
edge|889|67|2085 2,3,4,8,7,6,5,1 1 0
edge|891|39|1622 7,8,5,4,1,2,3,6 56 0
edge|893|38|1682 7,6,5,8,2,3,4,1 126 0
edge|897|31|1930 5,8,7,2,3,4,1,6 30 0
edge|898|20|1547 8,5,6,2,3,4,1,7 113 0
edge|898|47|1665 7,1,2,3,4,8,5,6 48 0
edge|902|31|1574 5,6,7,3,4,1,2,8 3 0
edge|907|52|1673 4,7,8,3,6,5,1,2 59 0
edge|908|57|1683 6,3,8,7,4,5,1,2 59 0
edge|936|20|1698 4,1,8,7,6,5,3,2 1 0
edge|947|20|2070 1,2,4,5,3,6,7,8 28 0
edge|968|51|2035 8,1,2,6,5,7,4,3 15 0
edge|968|66|1765 6,2,1,5,4,7,8,3 27 0
edge|979|26|1713 6,2,3,5,4,1,8,7 33 0
edge|2074|32|1482 3,5,6,4,7,8,1,2 11 0
edge|2074|52|1595 7,4,6,5,3,2,1,8 119 0
edge|2077|25|1879 8,7,5,4,3,6,2,1 60 0
edge|2080|47|1506 1,2,5,3,4,6,7,8 28 0
edge|2082|53|834 7,8,5,6,2,1,4,3 60 0
edge|2083|0|2035 1,2,3,7,6,4,5,8 24 0
edge|2083|47|1663 5,6,7,3,2,4,1,8 1 0
edge|2085|9|896 8,1,2,3,7,6,5,4 127 0
edge|2086|21|1746 3,5,1,8,7,6,2,4 23 0
edge|2090|30|1591 6,2,4,3,5,1,8,7 61 0
edge|1673|7|1701 2,3,7,8,4,1,6,5 8 0
edge|1673|8|912 7,8,2,5,6,1,4,3 14 0
edge|1673|61|912 7,8,4,1,6,5,2,3 14 0
edge|1677|61|1734 6,1,4,5,8,2,3,7 94 0
edge|1682|11|810 7,6,5,8,4,1,2,3 120 0
edge|1682|38|893 8,5,6,7,3,2,1,4 119 0
edge|1690|43|1243 4,1,2,3,7,8,5,6 56 0
edge|1691|63|1665 8,1,6,5,4,7,3,2 57 0
edge|1692|39|1295 2,8,1,6,7,5,4,3 99 0
edge|1692|56|1478 2,8,7,1,6,5,4,3 2 0
edge|1693|14|1242 2,5,4,3,7,8,1,6 35 0
edge|1693|27|1267 7,6,1,8,2,5,4,3 99 0
edge|1696|63|2086 3,7,1,8,2,6,5,4 71 0
edge|1698|13|1510 2,3,7,8,5,4,1,6 24 0
edge|1698|44|1710 8,7,3,2,6,1,4,5 33 0
edge|1700|26|1707 5,6,1,4,3,7,8,2 51 0
edge|1701|5|1673 6,1,2,5,8,7,3,4 16 0
edge|1701|66|1532 5,2,1,6,4,3,7,8 35 0
edge|1707|17|1700 3,8,5,4,1,2,6,7 120 0
edge|1710|12|1698 6,4,3,7,8,5,2,1 48 0
edge|1734|48|1677 2,6,7,3,4,1,8,5 19 0
edge|1761|20|855 4,5,2,6,7,8,1,3 7 0
edge|1761|31|1315 3,2,5,4,6,7,8,1 25 0
edge|1761|58|1570 8,1,2,6,7,3,4,5 3 0
edge|1765|8|969 3,2,8,5,4,1,6,7 30 0
edge|1765|60|1198 5,4,1,2,3,6,7,8 7 0
edge|1768|32|1337 4,1,2,7,6,5,8,3 120 0
edge|1768|50|1360 3,8,5,6,7,2,1,4 120 0
edge|1772|23|1340 3,8,7,4,1,6,5,2 10 0
edge|1772|28|1361 4,7,8,3,2,5,6,1 57 0
edge|1773|32|1335 1,6,5,2,3,8,7,4 57 0
edge|1775|30|1345 8,1,4,5,6,3,2,7 65 0
edge|1781|65|812 5,4,7,6,3,8,1,2 27 0
edge|1799|56|1362 2,5,8,7,6,3,4,1 17 0
edge|1802|30|1188 2,7,8,5,6,1,4,3 51 0
edge|1853|32|1078 3,5,6,7,8,2,1,4 8 0
edge|1855|67|1096 5,3,4,1,2,8,7,6 28 0
edge|1856|54|1106 1,7,8,5,6,4,3,2 49 0
edge|1857|14|1118 5,2,1,4,3,6,7,8 3 0
edge|1863|8|1104 3,6,5,8,7,4,1,2 60 0
edge|1876|14|1901 8,7,3,6,5,4,2,1 0 0
edge|1876|31|2055 6,3,7,8,1,2,4,5 27 0
edge|1911|18|1658 5,4,3,8,1,2,6,7 3 0
edge|1924|68|1957 8,1,2,5,4,3,7,6 3 0
edge|1929|62|1934 6,5,4,7,8,1,3,2 63 0
edge|1929|68|1936 7,8,1,6,5,4,2,3 63 0
edge|1934|22|1932 6,8,7,3,2,1,4,5 24 0
edge|1934|27|2025 3,7,8,6,5,4,1,2 3 0
edge|1936|22|2028 4,2,3,7,8,1,6,5 49 0
edge|1938|45|1504 5,7,8,2,1,6,3,4 51 0
edge|1942|62|2014 4,3,2,1,6,5,7,8 63 0
edge|1952|1|1574 3,2,1,5,4,8,7,6 0 0
edge|1953|26|1966 3,2,1,7,8,4,5,6 0 0
edge|1953|34|1924 5,6,3,2,1,7,8,4 48 0
edge|1953|42|1925 2,3,6,5,4,8,7,1 6 0
edge|1954|32|1658 3,2,1,6,7,8,4,5 0 0
edge|1954|36|1765 1,2,3,6,7,5,4,8 96 0
edge|1957|13|2033 6,7,8,4,5,3,2,1 7 0
edge|1957|33|1968 6,5,4,8,7,1,2,3 0 0
edge|1967|37|1762 2,3,6,7,8,4,5,1 6 0
edge|1967|69|1558 4,5,1,2,3,6,7,8 31 0
edge|1968|62|1957 6,7,8,3,2,1,5,4 0 0
edge|1972|30|1611 6,1,7,8,2,3,4,5 30 0
edge|1975|7|1154 4,6,7,8,1,5,2,3 25 0
edge|1975|31|856 8,7,6,4,3,2,5,1 14 0
edge|1994|45|1572 1,6,5,7,8,2,3,4 63 0
edge|2002|56|1962 5,4,7,8,1,6,2,3 57 0
edge|2028|66|1936 6,2,3,1,8,7,4,5 31 0
edge|2033|11|1957 8,7,6,4,5,1,2,3 31 0
edge|2035|19|968 5,4,8,1,2,3,6,7 7 0
edge|2035|22|2083 7,5,4,6,1,2,3,8 64 0
edge|2035|27|974 2,3,8,7,5,4,6,1 57 0
edge|2035|57|1135 8,2,3,4,5,7,6,1 30 0
edge|2052|11|1588 8,3,4,7,1,2,6,5 67 0
edge|2053|45|1884 5,6,2,7,8,1,3,4 15 0
edge|2069|33|1504 6,4,3,1,2,5,8,7 48 0
edge|2072|52|1661 2,1,8,7,6,4,3,5 31 0
edge|1481|61|815 6,7,4,5,3,8,1,2 99 0
edge|1482|62|2074 7,8,1,4,2,3,5,6 55 0
edge|1489|9|1567 4,5,1,8,7,6,3,2 31 0
edge|1503|58|1201 3,2,7,8,1,4,5,6 1 0
edge|1504|47|2069 4,5,3,2,6,1,8,7 33 0
edge|1510|9|1698 7,1,2,6,5,8,3,4 48 0
edge|1532|65|1701 3,2,6,5,1,4,7,8 14 0
edge|1546|29|1294 2,6,7,4,5,1,8,3 27 0
edge|1547|24|898 7,4,5,6,2,3,8,1 57 0
edge|1552|9|1572 3,4,5,1,2,6,7,8 31 0
edge|1553|42|2037 1,6,7,8,3,2,4,5 24 0
edge|1556|30|1602 3,8,7,1,2,6,5,4 56 0
edge|1574|13|806 5,4,7,6,8,3,2,1 24 0
edge|1574|42|902 6,7,4,5,1,2,3,8 96 0
edge|1588|24|2052 5,6,2,3,8,7,4,1 56 0
edge|1595|6|2036 2,5,6,7,8,1,3,4 15 0
edge|1595|61|2074 7,6,5,2,4,3,1,8 125 0
edge|1622|30|894 5,6,7,4,3,8,1,2 115 0
edge|1627|31|1389 7,8,3,4,1,2,5,6 48 0
edge|1627|66|1370 4,3,8,7,6,5,2,1 3 0
edge|1631|36|1367 6,1,2,5,4,7,8,3 24 0
edge|1631|57|818 5,2,1,6,3,8,7,4 43 0
edge|1632|14|1335 6,5,4,7,8,1,2,3 63 0
edge|1636|55|1336 8,7,4,3,2,1,6,5 63 0
edge|1643|2|1376 1,6,5,2,7,4,3,8 66 0
edge|1652|10|1361 2,5,6,1,8,3,4,7 113 0
edge|1661|33|2072 2,1,7,6,8,5,4,3 28 0
edge|1662|27|1931 2,8,7,5,4,3,6,1 30 0
edge|1665|30|898 2,3,4,5,7,8,1,6 63 0
edge|1671|65|1309 2,6,5,8,7,1,4,3 60 0
edge|2075|52|2095 1,8,7,5,4,6,3,2 25 0
edge|2082|44|2121 1,2,3,4,8,7,6,5 0 0
edge|2090|45|2135 3,5,1,4,2,6,7,8 23 0
edge|1685|68|2149 2,8,5,6,7,3,4,1 126 0
edge|1708|4|2160 3,7,8,5,6,4,1,2 51 0
edge|1742|21|2096 7,8,1,6,4,5,2,3 39 0
edge|1756|64|2131 4,3,8,2,1,7,6,5 115 0
edge|1768|16|2233 6,7,2,3,8,5,4,1 120 0
edge|1768|65|2235 8,3,4,7,6,1,2,5 99 0
edge|1769|0|2233 2,3,6,7,4,1,8,5 119 0
edge|1770|57|2237 1,8,3,6,5,4,7,2 65 0
edge|1770|68|2239 6,1,2,5,8,3,4,7 80 0
edge|1771|19|2236 7,8,5,6,3,4,1,2 60 0
edge|1771|64|2239 2,5,6,1,4,7,8,3 10 0
edge|1772|36|2233 3,2,5,4,7,8,1,6 57 0
edge|1773|5|2235 8,7,4,1,2,5,6,3 60 0
edge|1773|41|2238 5,6,1,4,3,8,7,2 51 0
edge|1774|54|2239 6,3,2,5,4,1,8,7 39 0
edge|1776|0|2234 1,8,3,2,7,4,5,6 65 0
edge|1779|0|2233 7,6,3,4,1,8,5,2 17 0
edge|1782|11|2258 2,7,6,3,4,5,8,1 125 0
edge|1785|20|2238 1,8,5,4,3,6,7,2 125 0
edge|1786|56|2244 5,4,7,2,1,8,3,6 27 0
edge|1787|9|2233 6,7,2,1,4,5,8,3 120 0
edge|1794|49|2275 6,5,8,7,2,1,4,3 51 0
edge|1797|69|2267 5,8,3,4,7,2,1,6 80 0
edge|1802|62|2265 3,8,7,2,5,6,1,4 10 0
edge|1843|61|2121 4,3,2,1,5,6,7,8 15 0
edge|1849|62|2355 3,4,7,8,1,2,5,6 15 0
edge|1850|0|2256 8,5,2,1,6,3,4,7 80 0
edge|1878|41|2385 7,6,3,5,4,2,1,8 127 0
edge|1905|37|2357 7,4,5,6,2,1,8,3 67 0
edge|1905|54|2360 4,5,6,7,1,8,3,2 121 0
edge|1906|28|2358 2,1,8,3,7,4,5,6 59 0
edge|1908|31|2125 4,5,6,2,3,8,1,7 121 0
edge|1910|43|2358 3,2,1,8,6,7,4,5 103 0
edge|1910|57|2128 7,4,5,3,8,1,2,6 67 0
edge|1912|31|2360 1,8,3,2,4,5,6,7 1 0
edge|1950|65|2210 4,8,1,2,3,7,6,5 119 0
edge|1979|61|2280 1,6,7,8,4,3,2,5 16 0
edge|1980|36|2245 6,1,8,2,5,4,3,7 35 0
edge|1980|54|2357 5,2,3,4,8,7,6,1 16 0
edge|1982|31|2361 3,4,5,2,6,1,8,7 61 0
edge|1983|62|2354 4,5,1,8,2,3,7,6 127 0
edge|1986|62|2356 2,3,7,6,4,5,1,8 25 0
edge|1993|49|2434 4,3,2,7,8,1,6,5 49 0
edge|2005|15|2305 6,2,5,4,3,1,8,7 61 0
edge|2006|57|2354 7,6,2,3,1,8,4,5 7 0
edge|2020|12|2361 8,7,6,1,5,2,3,4 14 0
edge|2038|30|2097 6,7,8,5,1,4,3,2 17 0
edge|2058|59|2429 4,5,6,2,1,8,3,7 3 0
edge|1482|12|2204 8,1,5,3,4,2,6,7 125 0
edge|1560|19|2217 8,6,2,3,4,5,1,7 95 0
edge|1567|48|2201 3,2,6,8,7,1,5,4 6 0
edge|1632|64|2238 6,1,8,5,4,3,2,7 33 0
edge|1632|67|2238 3,4,7,2,1,6,5,8 12 0
edge|1636|23|2239 1,2,3,6,7,4,5,8 96 0
edge|1636|27|2239 1,8,7,2,5,4,3,6 29 0
edge|1636|28|2239 4,5,6,3,8,1,2,7 123 0
edge|1636|41|2239 1,6,5,8,3,4,7,2 66 0
edge|1636|42|2239 4,7,8,5,2,1,6,3 43 0
edge|1636|46|2239 4,3,2,7,6,1,8,5 111 0
edge|1647|20|2122 8,3,4,2,1,6,5,7 64 0
edge|1654|35|2273 3,4,7,8,5,6,1,2 12 0
edge|1657|51|2310 7,2,5,6,1,4,3,8 66 0
edge|1667|33|2435 3,4,5,1,2,7,8,6 0 0
edge|2296|42|2426 1,2,3,4,7,8,6,5 63 0
edge|2299|33|1653 1,8,5,6,3,2,7,4 63 0
edge|2310|40|1850 4,3,6,7,2,5,8,1 125 0
edge|2310|65|1657 5,2,7,6,3,4,1,8 3 0
edge|2312|0|2381 4,5,7,8,1,2,6,3 27 0
edge|2347|44|2426 1,2,5,6,7,8,4,3 3 0
edge|2354|8|1990 3,5,6,1,2,8,7,4 8 0
edge|2354|54|2006 5,3,4,7,8,2,1,6 28 0
edge|2355|14|1855 5,6,1,2,7,8,3,4 51 0
edge|2356|9|1986 7,1,2,5,6,4,3,8 112 0
edge|2357|5|1980 8,2,3,4,1,7,6,5 1 0
edge|2357|20|1982 6,4,1,2,3,5,8,7 55 0
edge|2357|34|1907 6,5,8,2,3,4,1,7 49 0
edge|2358|24|1910 3,2,1,7,8,5,6,4 55 0
edge|2358|26|1906 2,1,4,6,7,8,5,3 28 0
edge|2358|50|1910 7,6,5,3,4,1,2,8 124 0
edge|2359|54|1857 4,3,2,1,5,8,7,6 16 0
edge|2360|13|1905 5,8,7,1,2,3,4,6 31 0
edge|2360|48|1912 1,4,3,5,6,7,8,2 1 0
edge|2361|16|1863 3,2,1,4,8,7,6,5 7 0
edge|2361|57|2020 4,6,7,8,5,3,2,1 31 0
edge|2367|40|2112 8,1,3,2,4,5,6,7 127 0
edge|2379|10|2312 5,6,8,1,2,7,3,4 51 0
edge|2401|4|2131 8,1,3,4,5,2,6,7 125 0
edge|2404|31|2232 1,8,7,4,6,5,3,2 9 0
edge|2406|41|2156 5,8,1,4,7,3,2,6 87 0
edge|2416|60|2472 1,8,6,7,3,4,5,2 125 0
edge|2424|18|2130 4,3,6,8,7,2,1,5 12 0
edge|2426|3|2296 1,2,3,4,8,7,5,6 48 0
edge|2426|19|2445 2,4,5,6,1,8,7,3 59 0
edge|2426|29|2455 7,6,1,2,3,5,4,8 103 0
edge|2426|33|2347 1,2,8,7,3,4,5,6 3 0
edge|2428|53|2287 7,8,2,1,6,5,4,3 63 0
edge|2429|38|2059 5,4,7,1,2,3,8,6 24 0
edge|2434|20|1994 6,3,2,1,8,7,4,5 31 0
edge|2435|37|1667 4,5,1,2,3,8,6,7 0 0
edge|2441|67|1623 3,4,5,6,1,8,7,2 61 0
edge|2442|0|1980 7,3,2,5,4,6,1,8 103 0
edge|2442|24|1980 6,4,3,2,5,1,8,7 49 0
edge|2442|53|1982 8,2,5,4,3,7,6,1 2 0
edge|2445|40|2426 5,1,8,2,3,4,7,6 31 0
edge|2450|26|2461 3,2,7,6,8,1,5,4 25 0
edge|2455|48|2426 3,4,5,7,6,2,1,8 31 0
edge|2457|7|2464 2,3,4,5,1,8,6,7 31 0
edge|2461|9|2450 6,2,1,8,7,4,3,5 31 0
edge|2461|48|2134 2,6,7,8,1,5,3,4 31 0
edge|2464|3|2457 5,1,2,3,4,7,8,6 31 0
edge|2464|49|2210 7,6,3,2,1,5,4,8 96 0
edge|2465|39|2091 4,3,2,7,1,8,6,5 79 0
edge|2472|50|2416 1,8,5,6,7,3,4,2 125 0
edge|2091|51|2465 5,3,2,1,8,7,4,6 31 0
edge|2091|66|2135 5,3,7,4,6,2,1,8 11 0
edge|2097|52|2038 5,8,7,6,4,1,2,3 24 0
edge|2112|40|2367 2,4,3,5,6,7,8,1 1 0
edge|2122|19|1648 5,4,2,3,7,6,8,1 127 0
edge|2123|27|2474 2,3,7,6,5,8,1,4 119 0
edge|2125|31|1908 7,4,5,1,2,3,8,6 56 0
edge|2126|31|1928 6,7,4,2,3,8,1,5 97 0
edge|2127|33|1641 2,4,7,6,5,1,8,3 11 0
edge|2129|21|2214 7,5,1,8,3,4,2,6 83 0
edge|2129|40|2197 2,6,3,4,5,7,8,1 33 0
edge|2130|62|2424 7,6,2,1,8,3,5,4 3 0
edge|2131|11|2231 5,6,3,4,2,1,8,7 51 0
edge|2131|45|1757 5,4,2,1,8,7,6,3 7 0
edge|2134|57|2461 5,1,7,8,6,2,3,4 14 0
edge|2135|21|2091 7,6,2,4,1,5,3,8 104 0
edge|2138|17|1756 8,1,6,7,3,4,5,2 125 0
edge|2147|37|2223 2,1,7,6,5,4,3,8 0 0
edge|2156|41|2406 3,7,6,4,1,8,5,2 117 0
edge|2201|37|1597 2,6,4,5,3,7,8,1 33 0
edge|2201|47|1567 6,2,1,8,7,3,5,4 3 0
edge|2210|32|2464 5,4,3,7,6,2,1,8 3 0
edge|2210|57|1964 3,4,5,1,8,7,6,2 3 0
edge|2214|38|2129 3,7,5,6,2,8,1,4 71 0
edge|2217|1|1561 7,3,4,5,6,2,8,1 3 0
edge|2231|45|2131 6,5,3,4,1,2,8,7 51 0
edge|2233|50|1787 4,3,8,5,6,1,2,7 51 0
edge|2234|15|1776 1,4,3,6,7,8,5,2 17 0
edge|2234|28|1776 2,1,4,7,8,5,6,3 60 0
edge|2234|29|1768 3,4,1,2,7,8,5,6 51 0
edge|2235|56|1773 4,5,8,3,6,7,2,1 27 0
edge|2237|54|1794 3,8,1,2,5,4,7,6 99 0
edge|2237|63|1794 2,1,8,3,6,7,4,5 27 0
edge|2238|20|1632 5,4,1,2,7,6,3,8 3 0
edge|2238|41|1773 3,8,5,4,1,2,7,6 120 0
edge|2239|17|1636 6,7,4,1,2,3,8,5 24 0
edge|2239|19|1773 4,1,8,5,2,3,6,7 17 0
edge|2240|4|1771 2,1,4,3,6,5,8,7 60 0
edge|2265|42|1802 7,4,1,8,5,6,3,2 119 0
edge|2273|25|1654 7,8,1,2,5,6,3,4 3 0
edge|2280|9|1979 1,7,6,5,8,2,3,4 127 0
edge|2288|43|2428 4,3,8,7,6,5,1,2 3 0
edge|2312|52|2503 3,6,1,8,7,2,5,4 39 0
edge|2354|32|2485 6,1,2,7,4,3,8,5 80 0
edge|2396|58|2568 1,8,4,6,7,5,3,2 97 0
edge|2424|49|2572 2,3,7,8,6,4,5,1 25 0
edge|2428|2|2565 1,7,4,5,6,8,3,2 65 0
edge|2435|12|2581 4,3,2,1,5,7,6,8 31 0
edge|2443|46|2486 5,1,8,2,6,7,3,4 19 0
edge|2444|42|2496 8,7,3,2,6,4,5,1 32 0
edge|2454|32|2493 6,2,3,1,5,4,8,7 32 0
edge|2456|50|2556 6,2,3,1,7,8,4,5 32 0
edge|2106|11|2579 8,1,2,6,7,5,3,4 31 0
edge|2119|11|2587 6,5,3,4,8,7,1,2 0 0
edge|2119|58|2587 4,3,5,6,8,7,1,2 60 0
edge|2121|23|2554 7,8,2,1,5,6,4,3 15 0
edge|2139|38|2486 7,3,2,4,8,1,5,6 79 0
edge|2152|27|2575 7,3,2,4,6,5,1,8 79 0
edge|2161|65|2551 2,1,5,4,8,6,7,3 124 0
edge|2163|58|2578 2,3,4,6,7,8,5,1 30 0
edge|2202|28|2583 5,3,7,8,1,2,6,4 11 0
edge|2209|3|2568 4,3,2,6,7,8,1,5 15 0
edge|2215|26|2569 4,5,1,2,8,6,7,3 103 0
edge|2215|53|2568 4,5,1,7,6,8,2,3 103 0
edge|2215|62|2572 6,7,2,8,1,3,4,5 31 0
edge|2218|59|2582 6,5,4,3,7,1,8,2 127 0
edge|2231|22|2570 7,6,1,3,4,5,2,8 99 0
edge|2232|28|2573 4,6,1,8,7,5,2,3 39 0
edge|2240|15|2595 5,2,1,6,7,4,3,8 99 0
edge|2244|69|2501 2,7,4,5,6,3,8,1 65 0
edge|2266|55|2593 2,5,6,3,8,7,4,1 10 0
edge|2476|3|2570 2,1,5,4,7,8,6,3 60 0
edge|2485|52|2354 2,3,6,5,8,1,4,7 119 0
edge|2486|13|2445 2,4,7,8,1,5,6,3 11 0
edge|2486|31|2141 6,3,2,4,7,8,1,5 47 0
edge|2489|40|2565 4,5,1,2,3,6,8,7 39 0
edge|2493|49|2454 4,2,3,6,5,1,8,7 1 0
edge|2496|28|2171 2,1,8,4,3,6,7,5 19 0
edge|2496|47|2446 8,4,3,6,7,5,2,1 16 0
edge|2497|36|2242 5,8,1,4,7,6,3,2 119 0
edge|2497|62|2560 6,3,1,2,5,4,8,7 39 0
edge|2500|66|2355 2,5,4,3,8,1,6,7 99 0
edge|2501|23|2269 8,1,6,3,4,5,2,7 125 0
edge|2501|61|2558 2,1,3,6,7,8,4,5 0 0
edge|2502|11|2515 7,2,6,5,4,3,1,8 125 0
edge|2518|61|2434 1,8,7,3,4,5,2,6 3 0
edge|2544|5|2562 6,3,5,4,1,2,8,7 60 0
edge|2544|33|2562 8,7,1,2,3,6,4,5 39 0
edge|2554|12|2119 4,3,8,7,5,6,1,2 51 0
edge|2554|57|2119 6,5,2,1,3,4,7,8 15 0
edge|2556|46|2456 4,2,3,7,8,1,5,6 1 0
edge|2558|25|2540 2,1,8,4,3,7,5,6 51 0
edge|2558|30|2534 2,1,3,7,8,4,5,6 0 0
edge|2558|39|2538 3,4,2,6,5,1,8,7 15 0
edge|2563|30|2547 3,4,5,1,2,6,8,7 60 0
edge|2568|3|2209 7,3,2,1,8,4,5,6 71 0
edge|2568|29|2396 1,8,7,3,6,4,5,2 25 0
edge|2568|45|2216 3,7,8,1,2,5,4,6 35 0
edge|2569|4|2215 3,4,8,1,2,6,7,5 19 0
edge|2569|31|2389 1,8,4,3,5,7,6,2 97 0
edge|2569|40|2580 1,2,6,7,8,4,5,3 3 0
edge|2570|19|2231 3,7,4,5,6,2,1,8 71 0
edge|2572|41|2215 5,3,6,7,8,1,2,4 11 0
edge|2573|10|2232 3,7,8,1,6,2,5,4 57 0
edge|2576|43|2585 4,5,7,6,2,1,8,3 27 0
edge|2577|63|2584 8,7,3,2,4,5,6,1 0 0
edge|2578|58|2163 8,1,2,3,7,4,5,6 71 0
edge|2581|10|2142 6,8,4,3,2,1,5,7 64 0
edge|2583|28|2202 5,6,2,8,1,7,3,4 79 0
edge|2584|35|2576 3,2,8,7,6,5,4,1 1 0
edge|2584|63|2577 8,4,3,5,6,7,2,1 0 0
edge|2585|11|2576 2,3,8,7,6,4,5,1 25 0
edge|2585|12|2576 6,5,8,1,2,4,3,7 51 0
edge|2585|68|2578 7,8,3,2,1,5,4,6 32 0
edge|2587|11|2117 7,8,3,4,2,1,6,5 0 0
edge|2587|19|2119 7,8,2,1,3,4,6,5 15 0
edge|2587|65|2544 5,6,2,4,3,1,8,7 15 0
edge|2592|55|2238 1,2,7,4,5,8,3,6 27 0
edge|2593|42|2239 1,8,5,2,7,6,3,4 125 0
edge|2593|67|2266 8,1,4,7,2,3,6,5 65 0
edge|2480|28|2601 3,2,1,5,4,8,7,6 7 0
edge|2529|52|2618 1,2,7,6,3,8,5,4 27 0
edge|2539|60|2619 5,4,1,6,3,2,7,8 39 0
edge|2577|43|2601 4,5,6,2,7,1,8,3 121 0
edge|2589|69|2611 7,4,1,2,3,6,5,8 119 0
edge|2592|0|2611 6,3,4,1,2,5,8,7 60 0
edge|2600|68|2577 6,4,8,1,2,3,5,7 55 0
edge|2602|47|2616 1,6,8,5,4,7,3,2 57 0
edge|2603|54|2613 7,4,6,1,2,3,5,8 119 0
edge|2605|38|2616 2,1,7,8,5,4,6,3 27 0
edge|2607|61|2615 1,8,4,3,6,5,7,2 65 0
edge|2607|68|2615 3,4,8,1,2,7,5,6 51 0
edge|2608|31|2614 6,3,1,2,7,8,4,5 39 0
edge|2610|22|2604 1,8,7,5,4,2,6,3 27 0
edge|2611|22|2589 6,3,4,7,8,5,2,1 60 0
edge|2611|26|2592 4,5,2,3,6,1,8,7 39 0
edge|2611|29|2591 8,7,2,3,6,1,4,5 39 0
edge|2611|55|2591 3,4,5,2,7,6,1,8 125 0
edge|2613|17|2604 4,5,6,2,7,3,1,8 125 0
edge|2614|30|2615 7,2,4,3,6,5,1,8 65 0
edge|2615|12|2612 4,5,1,2,7,8,6,3 39 0
edge|2615|58|2609 3,4,2,7,8,1,5,6 15 0
edge|2616|50|2605 2,1,8,6,5,7,3,4 51 0
edge|2618|49|2529 1,2,5,8,7,4,3,6 60 0
edge|2619|14|2539 3,6,5,2,1,4,7,8 60 0
edge|2621|3|2576 8,2,6,5,4,3,7,1 2 0
edge|2621|21|2576 5,7,3,8,1,6,2,4 49 0
edge|2621|28|2576 4,2,8,1,6,5,7,3 59 0
edge|2621|46|2576 6,2,4,3,8,1,7,5 97 0
edge|2621|52|2576 3,7,1,6,5,4,2,8 127 0
edge|2621|59|2576 1,7,5,4,3,8,2,6 67 0
edge|2622|23|2588 4,3,5,6,2,1,7,8 60 0
edge|2622|42|2588 1,2,5,6,8,7,4,3 60 0
edge|2623|60|2593 1,4,7,8,3,6,5,2 10 0
