stab|0 1,8,7,6,5,4,3,2 1 0
stab|0 2,1,8,7,6,5,4,3 3 0
stab|0 8,1,2,3,4,5,6,7 127 0
stab|0 3,2,1,8,7,6,5,4 7 0
stab|0 7,8,1,2,3,4,5,6 63 0
stab|0 4,3,2,1,8,7,6,5 15 0
stab|0 6,7,8,1,2,3,4,5 31 0
stab|0 5,4,3,2,1,8,7,6 31 0
stab|0 5,6,7,8,1,2,3,4 15 0
stab|0 6,5,4,3,2,1,8,7 63 0
stab|0 4,5,6,7,8,1,2,3 7 0
stab|0 7,6,5,4,3,2,1,8 127 0
stab|0 3,4,5,6,7,8,1,2 3 0
stab|0 2,3,4,5,6,7,8,1 1 0
stab|0 8,7,6,5,4,3,2,1 0 0
edge|34|29|108 5,4,3,2,1,6,7,8 0 0
edge|37|31|107 5,6,7,8,1,4,3,2 1 0
edge|41|39|121 3,2,1,8,5,6,7,4 119 0
edge|41|44|121 6,7,8,1,4,3,2,5 17 0
edge|49|27|107 8,7,6,5,4,1,2,3 7 0
edge|49|47|122 7,6,5,4,1,2,3,8 120 0
stab|185 4,7,8,1,6,5,2,3 57 0
stab|188 1,8,7,4,3,2,5,6 15 0
stab|188 1,6,5,4,7,8,3,2 57 0
stab|188 4,5,6,1,2,3,8,7 0 0
edge|72|7|189 2,3,4,7,8,1,6,5 63 0
edge|73|15|201 5,4,3,8,7,6,1,2 0 0
stab|218 6,7,4,3,8,1,2,5 99 0
edge|73|36|201 8,1,2,5,6,7,4,3 15 0
edge|73|63|190 8,3,4,5,2,1,6,7 99 0
edge|73|68|190 5,2,1,8,3,4,7,6 99 0
edge|75|24|211 6,7,8,3,4,5,2,1 3 0
stab|222 2,1,6,7,8,3,4,5 0 0
edge|77|60|217 2,5,6,7,4,3,8,1 113 0
edge|78|36|211 7,6,5,2,1,8,3,4 3 0
edge|94|23|204 3,8,7,6,1,2,5,4 24 0
edge|97|23|264 5,6,1,8,7,4,3,2 63 0
edge|98|37|272 5,2,3,4,1,8,7,6 17 0
edge|107|4|49 6,7,8,5,4,3,2,1 31 0
edge|107|29|145 3,2,1,6,7,8,5,4 24 0
edge|107|51|292 5,8,7,6,1,2,3,4 16 0
edge|115|25|150 4,3,2,5,6,7,8,1 15 0
edge|121|14|41 4,7,6,5,8,1,2,3 119 0
edge|121|28|201 2,3,4,7,6,5,8,1 113 0
edge|121|41|218 6,5,8,1,2,3,4,7 63 0
edge|122|31|49 5,6,7,4,3,2,1,8 15 0
edge|122|40|207 7,4,3,2,1,8,5,6 63 0
edge|123|43|219 3,4,1,8,7,6,5,2 3 0
edge|134|27|268 8,5,4,3,2,1,6,7 127 0
edge|134|43|268 6,1,2,3,4,5,8,7 63 0
edge|134|56|49 8,7,6,1,2,3,4,5 0 0
edge|136|6|219 2,1,4,5,6,7,8,3 3 0
edge|136|28|160 1,2,3,8,7,6,5,4 0 0
edge|136|41|261 4,5,6,7,8,3,2,1 0 0
edge|143|31|376 6,5,4,1,2,3,8,7 56 0
edge|143|52|378 4,5,6,3,2,1,8,7 7 0
edge|145|41|109 3,2,1,8,7,4,5,6 63 0
edge|150|21|115 8,3,2,1,4,5,6,7 120 0
edge|166|63|391 1,8,7,4,5,6,3,2 57 0
edge|181|22|404 2,1,8,3,4,5,6,7 3 0
edge|185|64|75 6,5,2,3,4,7,8,1 15 0
edge|186|48|483 6,1,2,3,8,7,4,5 24 0
edge|188|9|73 3,2,5,6,1,8,7,4 57 0
edge|188|55|73 7,8,3,2,1,6,5,4 0 0
edge|196|56|514 7,6,1,2,5,4,3,8 99 0
edge|201|24|121 8,1,2,3,6,5,4,7 71 0
edge|201|33|74 2,3,8,7,4,5,6,1 57 0
edge|201|42|527 1,6,5,4,3,2,7,8 0 0
edge|201|56|121 5,4,7,8,3,2,1,6 24 0
edge|202|34|121 8,1,6,5,2,3,4,7 113 0
edge|207|2|135 2,3,4,5,6,1,8,7 63 0
edge|207|47|123 5,4,3,2,7,8,1,6 33 0
edge|211|3|75 8,7,4,5,6,1,2,3 63 0
edge|218|9|527 8,1,2,5,4,3,6,7 99 0
edge|218|60|528 5,2,1,8,7,6,3,4 15 0
edge|218|61|121 3,8,1,2,7,6,5,4 123 0
edge|218|66|121 4,5,6,7,2,1,8,3 123 0
edge|218|67|76 3,4,7,6,5,2,1,8 15 0
edge|219|54|530 8,3,4,5,6,7,2,1 0 0
edge|221|31|527 8,7,6,5,2,1,4,3 15 0
edge|221|66|529 5,6,7,8,3,4,1,2 0 0
edge|224|32|484 1,8,3,4,7,6,5,2 113 0
edge|263|14|529 3,4,5,6,1,2,7,8 63 0
edge|266|32|637 5,6,1,2,3,4,7,8 63 0
edge|268|58|635 6,5,4,3,2,7,8,1 1 0
edge|272|55|350 7,8,1,4,3,2,5,6 49 0
edge|282|24|364 7,6,1,2,3,4,5,8 127 0
edge|314|45|495 2,5,6,7,8,1,4,3 3 0
edge|326|57|511 8,1,4,3,2,5,6,7 113 0
edge|327|28|490 2,1,8,7,4,3,6,5 63 0
edge|327|63|561 1,2,5,6,3,4,7,8 60 0
edge|328|11|719 2,3,4,5,8,7,6,1 30 0
edge|349|12|637 7,8,3,4,5,6,1,2 0 0
edge|349|32|561 4,3,8,7,2,1,6,5 51 0
edge|350|1|642 2,6,5,1,8,7,4,3 61 0
edge|350|8|274 3,6,5,4,7,8,1,2 59 0
edge|350|14|358 7,4,3,2,6,5,1,8 113 0
edge|350|59|375 4,7,8,1,5,6,2,3 57 0
edge|351|16|646 3,5,6,2,1,8,7,4 11 0
edge|351|33|706 3,4,7,8,1,2,6,5 15 0
