stab|0 1,9,8,7,6,5,4,3,2 0 0
stab|0 2,1,9,8,7,6,5,4,3 0 0
stab|0 9,1,2,3,4,5,6,7,8 0 0
stab|0 3,2,1,9,8,7,6,5,4 0 0
stab|0 8,9,1,2,3,4,5,6,7 0 0
stab|0 4,3,2,1,9,8,7,6,5 0 0
stab|0 7,8,9,1,2,3,4,5,6 0 0
stab|0 5,4,3,2,1,9,8,7,6 0 0
stab|0 6,7,8,9,1,2,3,4,5 0 0
stab|0 6,5,4,3,2,1,9,8,7 0 0
stab|0 5,6,7,8,9,1,2,3,4 0 0
stab|0 7,6,5,4,3,2,1,9,8 0 0
stab|0 4,5,6,7,8,9,1,2,3 0 0
stab|0 8,7,6,5,4,3,2,1,9 0 0
stab|0 3,4,5,6,7,8,9,1,2 0 0
stab|0 2,3,4,5,6,7,8,9,1 0 0
stab|0 9,8,7,6,5,4,3,2,1 0 0
edge|17|80|17 1,2,9,8,7,6,5,4,3 0 0
edge|24|71|24 3,2,1,9,8,6,7,5,4 0 0
edge|33|52|41 1,2,3,4,6,5,7,8,9 0 0
edge|44|79|50 6,5,4,2,3,1,9,8,7 0 0
edge|49|81|55 3,4,2,1,9,8,7,6,5 0 0
edge|50|74|44 6,4,5,3,2,1,9,8,7 0 0
edge|55|82|49 4,3,1,2,9,8,7,6,5 0 0
edge|88|78|129 7,6,5,4,2,3,1,9,8 0 0
edge|103|82|114 3,2,1,9,8,7,5,6,4 0 0
edge|110|73|110 1,9,8,7,5,6,4,3,2 0 0
edge|112|79|112 7,6,5,4,3,2,1,8,9 0 0
edge|114|81|103 3,2,1,9,7,8,6,5,4 0 0
edge|123|75|139 1,2,3,5,4,6,7,8,9 0 0
edge|129|79|88 7,5,6,4,3,2,1,9,8 0 0
edge|136|52|144 3,2,4,5,6,7,8,9,1 0 0
edge|144|79|136 9,2,1,3,4,5,6,7,8 0 0
edge|146|72|156 1,2,4,3,5,6,7,8,9 0 0
edge|148|83|148 6,5,3,4,2,1,9,8,7 0 0
stab|405 6,7,3,8,9,1,2,4,5 4 0
stab|414 9,2,8,7,6,5,4,3,1 0 0
stab|419 1,6,7,8,9,2,3,4,5 1 0
edge|157|67|407 4,5,1,6,7,8,9,2,3 1 0
edge|198|34|334 7,8,9,1,2,3,4,6,5 0 0
edge|209|52|233 1,2,3,4,5,6,7,9,8 0 0
edge|216|81|303 5,6,7,8,1,9,2,3,4 0 0
edge|223|76|260 5,6,7,8,9,2,1,3,4 0 0
edge|228|78|338 4,2,3,1,9,8,7,6,5 0 0
edge|243|78|319 7,8,9,1,3,2,4,5,6 0 0
edge|260|75|223 7,6,8,9,1,2,3,4,5 0 0
edge|267|81|321 3,1,9,8,7,6,5,4,2 0 0
edge|294|81|382 2,4,3,5,6,7,8,9,1 0 0
edge|303|53|216 5,7,8,9,1,2,3,4,6 0 0
edge|309|43|340 5,6,7,8,9,1,3,2,4 0 0
edge|315|76|343 5,6,4,3,2,1,9,8,7 0 0
edge|318|50|310 4,6,5,7,8,9,1,2,3 0 0
edge|321|82|267 2,9,1,8,7,6,5,4,3 0 0
edge|334|51|198 4,5,6,7,9,8,1,2,3 0 0
edge|340|77|309 6,8,7,9,1,2,3,4,5 0 0
edge|343|83|315 6,5,4,3,1,2,9,8,7 0 0
edge|382|54|294 9,1,3,2,4,5,6,7,8 0 0
edge|384|73|400 4,5,3,2,1,9,8,7,6 0 0
edge|396|79|418 5,4,2,3,1,9,8,7,6 0 0
edge|400|40|384 5,4,3,1,2,9,8,7,6 0 0
edge|404|41|149 9,8,3,7,6,5,4,2,1 4 0
edge|405|30|419 3,7,8,9,1,2,4,5,6 4 0
edge|407|10|157 3,8,9,1,2,4,5,6,7 4 0
edge|418|50|396 5,3,4,2,1,9,8,7,6 0 0
edge|419|30|405 5,6,1,7,8,9,2,3,4 1 0
stab|970 5,2,4,3,1,9,8,7,6 0 0
edge|209|46|562 6,5,4,8,9,1,2,3,7 120 0
edge|264|54|719 6,7,8,3,2,1,9,4,5 248 0
edge|307|51|712 2,3,4,9,8,7,6,5,1 15 0
edge|365|82|574 3,2,1,9,8,5,7,6,4 0 0
edge|375|51|777 4,5,6,7,3,8,9,1,2 4 0
edge|382|46|800 7,6,5,4,8,9,1,2,3 120 0
edge|382|74|724 1,9,8,4,5,6,7,3,2 120 0
edge|383|26|562 5,6,7,3,2,1,9,8,4 120 0
edge|385|62|800 9,1,2,3,8,7,6,5,4 248 0
edge|390|55|568 1,2,3,5,6,4,7,8,9 0 0
edge|395|66|692 5,4,2,1,9,8,3,7,6 4 0
edge|403|58|692 1,2,4,5,6,7,3,8,9 4 0
edge|404|51|777 2,1,9,8,3,7,6,5,4 4 0
edge|408|30|427 8,7,6,1,2,3,4,5,9 31 0
edge|408|37|429 7,8,9,5,4,3,2,1,6 31 0
edge|410|41|714 2,1,9,5,6,7,8,4,3 240 0
edge|410|53|604 2,3,4,8,7,6,5,9,1 240 0
edge|414|73|568 5,4,3,1,9,2,8,7,6 0 0
edge|414|79|574 4,5,6,7,8,2,9,1,3 0 0
edge|416|51|722 3,2,9,8,7,6,1,5,4 1 0
edge|418|40|770 3,2,1,9,4,8,7,6,5 8 0
edge|419|15|712 3,4,5,9,8,7,6,1,2 31 0
edge|411|83|959 1,3,4,2,5,6,7,8,9 0 0
edge|412|82|921 4,3,1,9,2,8,7,6,5 0 0
edge|414|29|959 3,1,9,2,8,7,6,5,4 0 0
edge|427|29|933 9,5,4,6,7,8,3,2,1 248 0
edge|427|47|933 3,7,8,6,5,4,9,1,2 248 0
edge|427|54|409 4,5,6,7,8,3,2,1,9 248 0
edge|427|55|409 8,7,6,5,4,9,1,2,3 248 0
edge|429|49|867 8,7,3,2,1,9,4,5,6 248 0
edge|429|74|817 9,1,2,3,8,7,6,4,5 248 0
edge|453|75|652 6,7,8,3,2,1,9,5,4 248 0
edge|457|8|844 9,8,7,5,6,4,3,2,1 0 0
edge|562|41|383 6,5,4,9,1,2,3,8,7 248 0
edge|568|61|390 1,2,3,6,4,5,7,8,9 0 0
edge|571|50|863 2,1,9,4,5,6,8,7,3 248 0
edge|574|41|365 3,2,1,9,6,8,7,5,4 0 0
edge|602|72|647 3,4,5,6,7,9,8,1,2 0 0
edge|604|70|410 9,1,2,3,7,6,5,4,8 120 0
edge|605|71|723 9,2,3,4,5,6,7,8,1 0 0
edge|639|77|648 1,9,8,6,7,5,4,3,2 0 0
edge|647|72|602 8,9,1,2,3,4,5,7,6 0 0
edge|648|72|639 1,9,8,7,6,4,5,3,2 0 0
edge|652|44|558 6,5,4,9,8,1,2,3,7 120 0
edge|653|73|961 4,9,8,1,2,3,7,6,5 120 0
edge|664|15|758 2,1,8,9,4,5,6,7,3 120 0
edge|692|59|396 4,3,7,2,1,9,8,6,5 64 0
edge|692|70|403 1,2,7,3,4,5,6,8,9 64 0
edge|699|75|795 8,6,5,4,9,1,2,3,7 248 0
edge|701|80|416 7,2,1,9,8,6,5,4,3 64 0
edge|710|83|740 7,6,5,3,4,2,1,9,8 0 0
edge|712|7|419 8,9,1,2,3,7,6,5,4 120 0
edge|712|80|418 2,1,9,8,4,5,6,7,3 120 0
edge|740|55|710 7,6,4,5,3,2,1,9,8 0 0
edge|744|66|766 1,2,3,4,5,6,8,7,9 0 0
edge|748|76|748 5,4,3,2,1,9,7,8,6 0 0
edge|751|18|868 7,8,9,1,2,3,5,4,6 0 0
edge|756|7|680 2,1,9,5,6,7,8,3,4 240 0
edge|756|68|766 6,7,8,3,4,2,1,9,5 240 0
edge|758|59|758 1,2,4,3,8,7,6,5,9 240 0
edge|759|26|788 8,7,6,5,9,1,2,4,3 240 0
edge|759|37|936 8,3,4,2,1,9,5,6,7 240 0
edge|764|17|774 2,1,9,5,4,6,7,8,3 248 0
edge|766|40|756 7,6,4,5,9,1,2,3,8 248 0
edge|770|72|418 3,2,1,5,9,8,7,6,4 16 0
edge|770|79|380 8,9,5,1,2,3,4,6,7 16 0
edge|782|83|786 3,2,1,9,5,8,7,6,4 16 0
edge|788|11|466 2,3,4,8,9,7,6,5,1 15 0
edge|788|29|759 6,7,9,8,4,3,2,1,5 15 0
edge|792|16|868 9,1,5,6,7,8,4,3,2 240 0
edge|792|72|937 5,1,9,2,3,4,8,7,6 240 0
edge|795|55|699 6,7,8,4,3,2,9,1,5 240 0
edge|800|39|382 7,8,9,4,3,2,1,5,6 15 0
edge|803|69|865 8,9,1,3,2,4,5,6,7 0 0
edge|832|30|571 8,9,1,6,5,4,2,3,7 62 0
edge|832|73|958 7,3,2,4,5,6,1,9,8 62 0
edge|841|15|675 5,4,3,7,8,9,2,1,6 60 0
edge|842|46|957 6,1,2,9,8,7,3,4,5 60 0
edge|844|43|457 9,8,7,6,4,5,3,2,1 0 0
edge|865|76|803 3,5,4,6,7,8,9,1,2 0 0
edge|868|42|751 4,5,6,8,7,9,1,2,3 0 0
edge|868|82|792 2,9,8,7,3,4,5,6,1 60 0
edge|921|14|414 3,5,2,1,9,8,7,6,4 0 0
edge|933|5|430 9,8,7,3,2,4,5,6,1 62 0
edge|936|9|759 5,4,2,3,7,8,9,1,6 62 0
edge|937|73|792 2,4,5,6,1,9,8,7,3 62 0
edge|939|50|930 2,3,7,8,9,1,6,5,4 62 0
edge|957|23|669 4,5,6,1,9,8,7,3,2 62 0
edge|959|68|414 2,4,1,9,8,7,6,5,3 0 0
edge|959|75|411 1,4,2,3,5,6,7,8,9 0 0
edge|970|16|413 4,2,5,6,7,8,9,1,3 0 0
edge|970|36|970 5,2,6,7,8,9,1,3,4 0 0
stab|1374 9,8,7,5,4,6,3,2,1 0 0
stab|1393 5,6,8,9,1,2,7,3,4 64 0
stab|1568 2,1,9,5,4,6,8,7,3 248 0
stab|1652 7,3,2,4,6,5,1,9,8 62 0
stab|1652 3,7,8,6,4,5,9,1,2 248 0
stab|1652 8,9,1,5,6,4,2,3,7 62 0
stab|1673 6,7,8,9,5,1,2,3,4 16 0
stab|1702 5,6,7,9,1,2,3,8,4 128 0
stab|1903 7,6,4,3,5,2,1,9,8 0 0
edge|548|75|1237 3,4,5,7,8,6,9,1,2 0 0
edge|646|20|1078 9,1,2,7,6,5,4,3,8 124 0
edge|693|37|1352 6,5,4,3,7,2,1,9,8 64 0
edge|724|77|1437 6,7,3,2,1,9,8,4,5 120 0
edge|736|26|1012 1,9,8,3,4,5,6,7,2 124 0
edge|761|29|1026 9,8,7,3,2,4,6,5,1 62 0
edge|773|38|1356 6,7,8,3,4,2,9,1,5 240 0
edge|798|82|1254 6,7,8,9,4,3,2,1,5 15 0
edge|657|74|1549 9,8,6,5,4,3,7,2,1 64 0
edge|721|62|1616 5,4,3,8,9,1,2,7,6 124 0
edge|753|79|1614 7,8,9,5,1,2,3,4,6 16 0
edge|755|75|1646 1,5,6,4,2,3,7,8,9 62 0
edge|769|58|1498 3,4,6,7,8,9,5,1,2 16 0
edge|797|47|1514 6,5,9,1,2,3,4,8,7 240 0
edge|822|76|1365 5,6,7,9,1,8,2,3,4 0 0
edge|825|53|1363 1,2,3,4,5,8,6,7,9 0 0
edge|828|79|1680 8,9,1,2,7,3,4,5,6 64 0
edge|858|55|1381 6,5,4,3,2,8,1,9,7 0 0
edge|870|55|1359 9,8,7,6,1,5,4,3,2 1 0
edge|879|55|1596 6,5,3,2,1,9,4,8,7 8 0
edge|899|12|1360 2,1,9,4,5,6,7,8,3 248 0
edge|921|26|1365 8,7,6,4,3,5,2,1,9 0 0
edge|921|50|1381 7,8,9,1,2,5,3,4,6 0 0
edge|925|54|1438 5,6,7,2,1,9,8,3,4 124 0
edge|929|74|1554 4,5,7,8,9,1,6,2,3 32 0
edge|930|78|1686 6,1,2,9,7,8,3,4,5 60 0
edge|939|15|1680 5,4,3,2,6,1,9,8,7 32 0
edge|959|38|1372 7,6,5,3,2,4,1,9,8 0 0
edge|959|50|1363 6,7,8,9,1,4,2,3,5 0 0
edge|963|56|1477 3,7,6,5,4,2,1,9,8 4 0
edge|966|22|1252 8,7,6,5,9,1,2,3,4 240 0
edge|970|32|1366 9,8,7,6,5,2,4,3,1 0 0
edge|970|73|1369 8,9,1,3,4,2,5,6,7 0 0
edge|972|23|1259 6,7,8,9,5,4,3,2,1 31 0
edge|972|29|1672 7,6,1,5,4,3,2,9,8 1 0
edge|959|59|1904 6,5,3,2,4,1,9,8,7 0 0
edge|970|64|1900 9,1,3,4,2,5,6,7,8 0 0
edge|981|34|1819 4,3,2,9,1,5,6,7,8 240 0
edge|992|29|1819 4,5,6,8,7,3,2,1,9 248 0
edge|1012|44|1486 4,9,1,2,3,7,8,6,5 248 0
edge|1012|55|736 1,9,4,5,6,7,8,3,2 248 0
edge|1013|54|1858 8,7,6,4,5,9,1,2,3 248 0
edge|1013|72|1256 9,1,2,3,4,6,5,7,8 0 0
edge|1016|12|738 2,3,8,7,6,5,4,9,1 248 0
edge|1016|65|1454 8,3,2,1,9,5,4,6,7 248 0
edge|1023|70|1792 6,5,4,9,1,2,3,7,8 248 0
edge|1026|9|761 9,5,4,6,8,7,3,2,1 248 0
edge|1034|50|1609 9,1,4,5,6,7,8,3,2 248 0
edge|1034|71|1645 8,7,6,5,4,1,9,2,3 248 0
edge|1127|57|1932 4,8,9,7,6,5,1,2,3 15 0
edge|1135|55|1511 9,2,3,4,8,7,6,5,1 240 0
edge|1237|64|574 8,9,1,2,3,6,4,5,7 0 0
edge|1252|33|1924 9,8,6,7,5,1,2,3,4 15 0
edge|1252|46|972 9,8,7,6,5,1,2,3,4 15 0
edge|1256|79|1013 2,3,4,5,7,6,8,9,1 0 0
edge|1257|33|1383 4,3,2,1,5,7,6,8,9 15 0
edge|1316|70|1409 6,7,5,1,2,3,4,9,8 15 0
edge|1319|67|1625 8,6,5,4,3,2,1,9,7 0 0
edge|1350|9|701 7,6,4,3,2,1,5,9,8 16 0
edge|1350|70|1548 4,6,7,8,9,1,5,2,3 16 0
edge|1352|78|870 5,9,8,7,6,4,3,2,1 16 0
edge|1356|73|773 8,6,4,5,9,1,2,3,7 248 0
edge|1363|22|825 1,2,3,4,5,7,8,6,9 0 0
edge|1363|50|959 5,7,8,6,9,1,2,3,4 0 0
edge|1365|28|822 5,7,8,9,1,2,3,6,4 0 0
edge|1365|30|921 8,7,5,4,6,3,2,1,9 0 0
edge|1366|33|1934 3,2,1,6,9,8,7,5,4 0 0
edge|1366|79|970 9,6,8,7,5,4,3,2,1 0 0
edge|1372|59|959 7,5,4,6,3,2,1,9,8 0 0
edge|1381|46|921 4,5,7,8,6,9,1,2,3 0 0
edge|1381|50|858 7,5,4,3,2,1,9,6,8 0 0
edge|1393|77|1673 8,6,5,4,7,3,2,1,9 64 0
edge|1396|77|1397 8,6,5,4,3,2,7,1,9 64 0
edge|1409|27|1318 4,5,6,7,3,1,2,9,8 120 0
edge|1411|61|1603 2,1,7,6,5,4,3,8,9 124 0
edge|1421|32|1731 4,5,6,7,3,2,9,1,8 120 0
edge|1421|59|1421 9,2,3,7,6,5,4,8,1 120 0
edge|1425|11|1923 3,2,9,1,8,4,5,6,7 120 0
edge|1438|76|925 5,4,8,9,1,2,3,7,6 120 0
edge|1439|18|1901 6,5,4,8,1,9,2,3,7 120 0
edge|1454|38|1020 4,3,2,7,6,8,9,1,5 30 0
edge|1459|39|1666 9,8,6,7,2,3,4,5,1 30 0
edge|1460|72|1656 3,4,5,6,7,8,1,9,2 0 0
edge|1468|48|1883 4,5,1,7,6,8,9,2,3 1 0
edge|1485|49|1597 4,5,7,6,8,9,1,2,3 0 0
edge|1486|48|1577 3,4,5,1,9,8,6,7,2 30 0
edge|1499|23|1184 2,9,8,3,4,5,6,7,1 124 0
edge|1514|51|797 4,5,6,7,2,1,9,8,3 124 0
edge|1516|19|1862 4,5,8,9,1,2,3,7,6 120 0
edge|1535|52|1737 3,7,6,5,4,9,8,1,2 120 0
edge|1545|16|1551 8,9,1,5,4,3,2,7,6 30 0
edge|1548|83|1350 6,8,9,1,7,2,3,4,5 64 0
edge|1554|73|929 6,8,9,1,2,7,3,4,5 64 0
edge|1585|51|1677 9,8,7,6,5,4,2,3,1 0 0
edge|1588|33|1179 6,8,9,5,4,3,2,1,7 31 0
edge|1588|37|1862 6,7,1,2,3,4,5,9,8 31 0
edge|1593|53|887 5,4,3,7,2,1,9,8,6 64 0
edge|1597|70|1485 7,8,9,1,2,4,3,5,6 0 0
edge|1603|37|1907 4,3,7,1,2,9,8,6,5 64 0
edge|1613|41|754 5,6,7,8,4,9,1,2,3 8 0
edge|1625|30|1319 7,6,5,4,3,2,9,1,8 0 0
edge|1629|9|1657 4,5,9,1,2,3,8,7,6 248 0
edge|1637|82|1691 1,9,3,8,7,6,5,4,2 4 0
edge|1654|54|1663 8,9,2,1,6,5,4,3,7 60 0
edge|1656|72|1460 7,9,1,2,3,4,5,6,8 0 0
edge|1657|46|1629 4,5,6,1,2,9,8,7,3 60 0
edge|1663|16|1668 9,8,3,7,5,6,4,2,1 4 0
edge|1663|33|1654 4,3,8,7,6,5,9,1,2 240 0
edge|1663|59|1670 4,6,5,7,3,8,9,1,2 4 0
edge|1666|6|1460 9,5,6,7,8,3,4,2,1 240 0
edge|1669|42|1854 9,1,2,4,3,8,7,6,5 240 0
edge|1670|50|1664 8,9,5,1,3,2,4,6,7 16 0
edge|1673|30|1393 8,7,6,4,3,2,5,1,9 16 0
edge|1673|69|1679 1,2,4,3,9,8,7,6,5 15 0
edge|1677|44|1585 9,7,8,6,5,4,3,2,1 0 0
edge|1680|44|1911 4,3,9,8,7,6,5,1,2 15 0
edge|1680|71|939 6,4,3,2,1,5,9,8,7 16 0
edge|1686|51|930 2,3,7,8,9,1,5,6,4 62 0
edge|1700|31|1814 8,7,6,5,1,9,2,3,4 240 0
edge|1706|19|1939 5,1,3,2,4,6,7,8,9 16 0
edge|1713|24|1888 2,3,4,9,7,8,6,5,1 15 0
edge|1731|20|1421 8,6,5,1,2,3,4,9,7 15 0
edge|1737|72|1911 6,7,2,3,4,5,1,9,8 30 0
edge|1792|34|1031 5,6,7,3,2,1,8,9,4 120 0
edge|1814|12|1700 5,7,8,9,4,3,2,1,6 15 0
edge|1819|12|992 8,7,6,1,2,3,5,4,9 31 0
edge|1819|50|981 5,3,2,1,6,7,8,9,4 31 0
edge|1854|34|1669 2,3,5,4,9,8,7,6,1 31 0
edge|1855|26|1937 1,6,5,7,8,9,4,3,2 15 0
edge|1858|12|1025 7,8,9,4,5,3,2,1,6 31 0
edge|1862|26|1520 5,6,7,1,2,9,8,3,4 124 0
edge|1862|58|1588 3,4,5,6,7,1,2,9,8 124 0
edge|1871|24|1477 3,8,9,1,2,5,4,6,7 4 0
edge|1873|6|1924 8,7,5,6,4,9,1,2,3 248 0
edge|1873|23|1731 9,1,2,3,8,7,5,6,4 248 0
edge|1888|48|1440 5,7,8,3,2,1,9,4,6 248 0
edge|1900|26|1900 3,2,1,9,5,8,7,6,4 0 0
edge|1900|81|970 2,5,3,4,6,7,8,9,1 0 0
edge|1904|47|960 6,4,3,5,2,1,9,8,7 0 0
edge|1907|58|1603 4,5,2,1,9,8,3,7,6 4 0
edge|1911|3|1737 7,3,4,5,6,1,2,9,8 60 0
edge|1911|24|1680 8,9,2,1,7,6,5,4,3 124 0
edge|1914|42|1855 1,9,8,7,3,2,4,5,6 62 0
edge|1923|11|1425 4,2,1,6,7,8,9,5,3 31 0
edge|1923|15|1267 6,7,8,9,5,3,4,2,1 31 0
edge|1924|3|1873 7,8,9,5,3,4,2,1,6 31 0
edge|1929|11|1153 7,8,9,1,6,5,4,2,3 62 0
edge|1934|75|1366 3,2,1,9,8,4,7,6,5 0 0
edge|1939|39|1706 2,4,3,5,1,6,7,8,9 1 0
stab|2254 4,3,2,1,5,7,6,9,8 15 0
stab|2787 4,1,9,2,3,7,8,6,5 248 0
stab|2787 2,4,5,1,9,8,6,7,3 30 0
stab|3004 7,3,2,5,4,6,1,9,8 62 0
stab|3006 2,1,9,4,6,5,8,7,3 248 0
stab|3006 3,7,8,5,6,4,9,1,2 248 0
stab|3006 8,9,1,6,4,5,2,3,7 62 0
stab|3118 9,8,4,3,7,6,5,2,1 12 0
edge|1422|81|2701 3,2,1,8,7,9,6,5,4 0 0
edge|1427|31|2628 7,6,5,4,3,9,2,1,8 0 0
edge|1436|19|2599 2,1,9,8,3,4,5,6,7 124 0
edge|1480|17|2668 2,3,4,5,1,6,7,8,9 1 0
edge|1502|72|2368 2,9,8,4,3,5,6,7,1 124 0
edge|1517|70|2537 1,9,8,3,7,6,5,4,2 4 0
edge|1524|21|2766 8,2,3,7,6,5,4,9,1 120 0
edge|1527|58|2749 7,3,4,5,6,8,9,1,2 64 0
edge|1537|52|2756 2,3,7,6,8,9,1,5,4 30 0
edge|1537|67|2760 8,6,7,3,2,1,9,4,5 248 0
edge|1599|24|2360 6,8,9,4,5,3,2,1,7 31 0
edge|1605|65|2883 1,7,6,8,9,4,5,3,2 31 0
edge|1613|47|2883 7,1,2,9,8,4,3,5,6 124 0
edge|1627|63|2461 9,1,2,4,5,6,7,3,8 4 0
edge|1646|62|2840 6,4,3,7,8,9,2,1,5 60 0
edge|1650|3|2315 2,4,6,5,1,9,8,7,3 62 0
edge|1659|27|1979 4,3,2,1,6,7,8,9,5 31 0
edge|1660|52|2788 4,1,9,5,6,7,8,3,2 240 0
edge|1660|67|2788 4,7,8,3,2,1,9,5,6 248 0
edge|1664|50|2094 9,2,4,3,8,7,6,5,1 240 0
edge|1669|38|2161 5,1,9,2,4,3,8,7,6 240 0
edge|1675|50|2840 4,2,1,5,6,7,9,8,3 15 0
edge|1701|27|2801 1,9,7,6,5,4,8,3,2 128 0
edge|1701|78|2773 9,6,5,1,2,3,4,8,7 15 0
edge|1703|75|2869 8,7,6,5,1,2,9,3,4 240 0
edge|1711|8|1965 6,4,2,3,7,8,9,1,5 62 0
edge|1712|77|2788 4,7,8,6,5,1,9,2,3 240 0
edge|1719|28|2759 6,5,1,2,9,8,7,3,4 60 0
edge|1719|65|2876 7,8,9,2,1,5,6,4,3 60 0
edge|1725|67|2752 9,2,1,5,6,7,8,4,3 240 0
edge|1731|73|2858 8,6,5,1,2,3,4,7,9 15 0
edge|1737|77|2876 1,9,8,6,7,3,2,4,5 30 0
edge|1754|83|2652 3,4,5,6,1,9,2,8,7 60 0
edge|1763|4|2646 1,9,8,7,3,4,2,5,6 62 0
edge|1673|63|2888 1,2,3,4,6,7,8,9,5 16 0
edge|1708|29|2888 3,2,1,9,7,6,5,4,8 128 0
edge|1713|83|2931 6,8,9,7,4,3,2,1,5 15 0
edge|1715|68|2920 8,7,3,2,9,1,4,5,6 248 0
edge|1738|27|2920 9,1,5,6,8,7,4,3,2 240 0
edge|1768|78|3032 5,6,1,2,3,4,9,7,8 15 0
edge|1769|9|3003 6,1,2,8,9,7,3,4,5 60 0
edge|1770|13|3002 1,6,5,8,7,9,4,3,2 15 0
edge|1773|82|3032 8,7,3,2,1,9,4,6,5 248 0
edge|1779|44|3037 1,9,8,7,3,2,5,4,6 62 0
edge|1792|52|2545 7,6,5,4,9,1,8,2,3 120 0
edge|1797|24|2721 9,1,2,3,7,6,8,5,4 248 0
edge|1803|33|2844 8,1,9,4,5,6,7,3,2 120 0
edge|1806|47|2505 1,2,3,4,9,5,6,7,8 255 0
edge|1813|82|3016 2,3,4,9,7,8,5,6,1 15 0
edge|1821|79|2379 3,5,6,1,2,9,8,7,4 60 0
edge|1833|50|2906 7,6,5,4,9,1,2,3,8 248 0
edge|1845|16|2813 4,9,1,2,3,5,6,7,8 8 0
edge|1854|59|2889 5,6,7,1,2,9,8,4,3 124 0
edge|1856|66|2839 5,2,1,6,7,8,9,4,3 31 0
edge|1856|67|2844 5,3,4,9,8,7,6,1,2 31 0
edge|1857|28|2541 6,7,8,9,4,3,5,2,1 31 0
edge|1859|71|2721 4,3,2,1,6,7,5,8,9 15 0
edge|1862|62|2876 3,4,5,7,6,1,2,9,8 124 0
edge|1864|18|2763 2,1,6,7,5,4,3,8,9 124 0
edge|1873|55|2953 9,1,2,3,8,7,5,4,6 248 0
edge|1874|55|2904 2,5,4,6,7,8,3,9,1 4 0
edge|1878|17|3037 9,1,2,3,7,8,5,6,4 248 0
edge|1880|21|2237 7,8,9,1,6,4,5,2,3 62 0
edge|1880|26|3032 2,3,7,8,9,1,6,4,5 62 0
edge|1902|31|2760 6,1,9,8,7,5,4,3,2 32 0
edge|1911|40|2798 2,9,8,3,4,5,7,6,1 124 0
edge|1912|47|2889 2,1,9,6,5,7,8,3,4 240 0
edge|1912|59|2920 4,3,8,7,5,6,9,1,2 240 0
edge|1913|28|2786 1,8,7,3,2,4,5,6,9 62 0
edge|1916|48|2055 7,4,6,5,3,2,1,9,8 0 0
edge|1926|6|2858 4,2,1,6,7,8,9,3,5 31 0
edge|1936|68|2761 4,2,3,8,7,6,5,9,1 240 0
edge|1938|46|2931 2,4,5,3,9,8,7,6,1 31 0
edge|1943|53|2928 7,8,4,9,1,2,3,5,6 8 0
edge|1852|22|3128 7,8,3,4,9,1,2,5,6 12 0
edge|1891|37|3120 1,9,4,3,8,7,6,5,2 12 0
edge|1924|79|3137 6,7,8,9,3,5,4,2,1 31 0
edge|1941|41|3124 7,6,1,9,5,4,3,2,8 254 0
edge|1945|10|2056 7,8,3,4,5,9,1,2,6 28 0
edge|1945|53|2596 1,9,5,4,3,8,7,6,2 28 0
edge|1965|47|1711 8,3,4,2,9,1,5,6,7 240 0
edge|1966|28|2967 2,3,4,8,7,6,5,1,9 240 0
edge|1977|50|2586 9,1,2,3,4,7,8,6,5 240 0
edge|1979|48|1659 4,3,2,1,9,5,6,7,8 240 0
edge|2004|30|2278 2,1,3,7,6,5,4,8,9 120 0
edge|2022|33|2996 9,1,2,3,7,8,6,5,4 248 0
edge|2035|28|3023 1,9,8,7,6,5,4,2,3 0 0
edge|2055|50|1916 7,6,5,2,4,3,1,9,8 0 0
edge|2061|52|2070 2,3,4,8,6,7,5,9,1 240 0
edge|2070|79|2061 9,1,2,3,7,5,6,4,8 120 0
edge|2094|27|2886 5,1,9,2,3,7,8,6,4 248 0
edge|2094|55|1604 9,1,5,4,6,7,8,3,2 248 0
edge|2094|72|1614 8,7,6,4,5,1,9,2,3 248 0
edge|2096|27|3115 9,1,8,4,5,6,7,3,2 120 0
edge|2097|48|2260 7,8,9,1,5,4,6,2,3 62 0
edge|2155|47|3035 2,3,7,8,9,1,5,4,6 62 0
edge|2155|76|3046 7,3,2,6,4,5,1,9,8 62 0
edge|2169|45|2898 7,6,4,2,3,1,5,9,8 16 0
edge|2199|14|1725 8,7,5,4,3,2,1,9,6 0 0
edge|2229|8|2391 2,1,5,4,3,8,7,6,9 28 0
edge|2229|28|2354 3,4,5,1,2,9,6,7,8 28 0
edge|2231|50|3097 2,9,6,7,8,3,4,5,1 28 0
edge|2237|21|1880 4,8,9,6,7,5,1,2,3 15 0
edge|2237|40|2127 4,8,9,6,5,7,1,2,3 15 0
edge|2253|59|3128 3,8,7,6,9,2,1,5,4 28 0
edge|2282|23|2859 5,1,2,3,4,8,9,7,6 15 0
edge|2354|21|2229 4,5,1,2,3,7,8,9,6 7 0
edge|2363|40|3129 3,7,8,9,6,4,5,1,2 7 0
edge|2363|55|3140 4,6,9,8,7,3,2,1,5 7 0
edge|2368|74|1822 4,5,1,9,2,3,8,7,6 248 0
edge|2369|42|2922 4,6,8,7,3,2,9,1,5 248 0
edge|2411|72|2870 8,7,3,2,1,5,4,6,9 7 0
edge|2438|55|1679 3,2,9,1,4,5,6,8,7 248 0
edge|2441|48|3090 8,4,5,7,6,9,1,2,3 128 0
edge|2441|68|2822 8,3,2,1,9,6,7,5,4 128 0
edge|2443|19|1628 2,3,8,4,5,6,7,9,1 128 0
edge|2443|75|3156 1,5,4,6,7,9,8,3,2 7 0
edge|2449|78|3122 2,1,9,8,5,4,6,7,3 120 0
edge|2450|48|2767 6,4,3,8,9,1,2,7,5 124 0
edge|2460|47|2776 9,8,3,2,1,5,4,6,7 7 0
edge|2468|73|2961 4,5,1,2,3,8,9,7,6 7 0
edge|2477|22|3145 9,1,2,7,5,6,4,3,8 124 0
edge|2484|72|3162 8,9,1,2,6,3,4,5,7 0 0
edge|2508|78|1906 2,1,5,6,7,8,9,4,3 15 0
edge|2513|55|2915 2,1,5,7,6,8,9,4,3 15 0
edge|2526|53|2557 2,3,4,5,9,8,6,7,1 31 0
edge|2534|19|3164 5,7,6,8,9,4,3,2,1 15 0
edge|2536|54|2802 4,9,1,2,3,6,5,7,8 8 0
edge|2537|4|1636 1,9,4,8,7,6,5,3,2 8 0
edge|2538|28|1868 9,8,6,5,7,1,2,3,4 15 0
edge|2544|15|1802 6,8,9,4,3,2,1,7,5 15 0
edge|2557|79|2905 8,7,4,3,2,1,9,5,6 240 0
edge|2563|57|3033 8,6,5,4,3,7,1,2,9 64 0
edge|2575|55|3085 7,3,4,5,6,8,9,2,1 64 0
edge|2641|35|1797 2,3,4,9,8,6,5,7,1 15 0
edge|2641|74|1764 1,7,5,6,8,9,4,3,2 15 0
edge|2646|48|1762 5,7,1,2,3,4,9,8,6 15 0
edge|2666|79|2666 5,4,3,2,1,6,9,8,7 0 0
edge|2667|17|1483 5,1,2,3,4,6,7,8,9 16 0
edge|2685|83|2854 7,8,9,1,5,2,3,4,6 16 0
edge|2686|29|3014 8,9,1,5,4,6,2,3,7 62 0
edge|2688|28|2743 5,1,9,8,7,6,4,3,2 16 0
edge|2691|38|3036 1,9,8,7,3,2,6,4,5 62 0
edge|2695|29|1726 3,2,1,9,8,7,5,4,6 0 0
edge|2697|54|2699 8,7,5,4,3,6,2,1,9 0 0
edge|2702|29|2703 4,5,7,8,9,6,1,2,3 0 0
edge|2702|61|3159 7,5,4,3,6,2,1,9,8 0 0
edge|2703|76|2702 7,8,9,1,2,6,3,4,5 0 0
edge|2721|66|1859 4,3,2,1,7,5,6,8,9 15 0
edge|2729|26|2701 5,4,3,7,6,8,9,2,1 28 0
edge|2730|47|2770 8,9,2,3,4,5,1,7,6 1 0
edge|2732|2|3122 4,5,6,7,1,2,9,8,3 124 0
edge|2733|16|3163 5,1,2,9,8,6,7,3,4 28 0
edge|2740|19|2878 9,8,7,3,4,5,6,1,2 60 0
edge|2743|65|1530 8,9,2,3,4,5,1,6,7 1 0
edge|2743|70|2688 2,9,8,7,1,6,5,4,3 1 0
edge|2749|24|2961 2,1,5,4,3,7,6,8,9 28 0
edge|2750|72|3081 7,1,2,9,8,3,4,5,6 124 0
edge|2752|24|1542 6,5,4,8,9,2,3,1,7 120 0
edge|2752|67|1725 3,2,9,8,4,5,6,7,1 120 0
edge|2755|75|2960 1,5,4,3,2,9,8,6,7 1 0
edge|2756|46|1724 3,4,8,9,2,1,7,6,5 124 0
edge|2760|72|1902 2,9,8,7,6,1,5,4,3 1 0
edge|2761|67|1936 9,2,3,1,7,6,5,4,8 120 0
edge|2763|75|1864 2,1,7,6,5,3,4,8,9 124 0
edge|2766|27|1726 4,5,6,7,3,2,9,8,1 120 0
edge|2766|45|1524 9,2,3,7,6,5,4,1,8 120 0
edge|2767|6|2477 6,7,3,2,9,1,8,4,5 120 0
edge|2768|30|2732 7,3,4,5,6,9,8,1,2 64 0
edge|2773|37|1861 3,2,9,8,1,4,5,6,7 120 0
edge|2776|0|2776 6,7,3,4,5,1,2,9,8 28 0
edge|2785|22|1688 6,5,4,1,8,9,2,3,7 120 0
edge|2786|50|1913 1,5,4,6,7,8,3,2,9 248 0
edge|2787|73|1715 6,8,9,1,5,4,2,3,7 30 0
edge|2788|52|1660 2,9,8,1,4,5,6,7,3 120 0
edge|2792|79|2929 3,7,8,6,4,5,1,9,2 248 0
edge|2798|82|1911 9,1,4,5,6,8,7,3,2 248 0
edge|2800|83|2538 3,4,5,1,7,6,8,9,2 1 0
edge|2801|42|1701 1,9,8,6,5,4,3,7,2 64 0
edge|2807|59|2918 9,2,3,7,8,6,4,5,1 248 0
edge|2809|65|1855 3,4,5,1,6,7,8,9,2 1 0
edge|2818|54|3129 8,6,7,1,5,4,3,2,9 1 0
edge|2822|51|2441 4,3,2,9,8,6,7,1,5 1 0
edge|2844|19|1803 2,9,8,4,5,6,7,1,3 120 0
edge|2844|78|1856 8,9,2,3,1,7,6,5,4 120 0
edge|2848|15|3080 8,5,4,6,7,3,2,1,9 120 0
edge|2852|12|2532 2,1,9,8,3,5,4,6,7 124 0
edge|2854|79|2685 4,6,7,8,5,9,1,2,3 16 0
edge|2856|12|2341 2,3,4,5,1,9,8,6,7 30 0
edge|2858|14|1926 3,2,8,1,9,4,5,6,7 120 0
edge|2858|36|1732 4,5,6,7,3,2,8,1,9 120 0
edge|2858|81|2948 4,5,6,7,3,2,8,9,1 120 0
edge|2859|35|2859 8,2,3,7,6,5,4,1,9 120 0
edge|2869|36|1725 5,6,8,9,4,3,2,1,7 15 0
edge|2870|4|2891 7,3,2,4,5,9,1,8,6 30 0
edge|2870|30|2411 5,4,3,7,6,8,2,1,9 28 0
edge|2874|16|2960 2,8,6,7,3,4,5,9,1 28 0
edge|2874|24|3140 6,8,2,1,9,5,4,3,7 28 0
edge|2875|3|2742 8,9,4,5,6,7,3,2,1 120 0
edge|2876|9|1862 6,7,1,2,3,5,4,9,8 31 0
edge|2876|39|1719 5,4,9,8,6,7,1,2,3 31 0
edge|2878|68|1892 9,1,7,3,2,4,5,6,8 64 0
edge|2881|68|2810 2,4,5,9,1,8,6,7,3 30 0
edge|2886|39|2921 1,2,3,4,9,5,7,6,8 255 0
edge|2888|83|1708 3,2,1,8,7,6,5,9,4 255 0
edge|2889|61|1854 4,5,9,8,1,2,3,7,6 120 0
edge|2889|82|1912 2,1,8,9,5,4,6,7,3 120 0
edge|2897|13|2169 6,4,5,3,7,2,1,9,8 64 0
edge|2905|30|2557 6,5,4,3,8,9,2,1,7 124 0
edge|2906|37|1836 6,7,8,4,3,2,1,9,5 240 0
edge|2909|76|2941 1,9,5,4,2,3,7,6,8 30 0
edge|2913|83|2940 4,2,3,1,5,9,8,7,6 16 0
edge|2918|80|2929 5,1,9,2,4,3,7,8,6 240 0
edge|2920|2|1738 2,9,8,7,3,4,6,5,1 60 0
edge|2920|82|1912 8,9,2,1,5,6,4,3,7 60 0
edge|2921|29|2886 1,2,3,4,6,8,7,9,5 16 0
edge|2922|27|2438 8,6,5,1,9,2,4,3,7 240 0
edge|2925|17|3117 7,8,3,5,9,1,2,4,6 20 0
edge|2925|25|3117 1,9,5,3,8,7,6,4,2 20 0
edge|2929|16|2798 7,9,1,5,6,4,2,3,8 62 0
edge|2929|65|2918 2,4,6,5,1,9,7,8,3 62 0
edge|2931|12|3036 8,7,6,5,1,9,4,2,3 240 0
edge|2931|34|1938 9,1,4,2,3,8,7,6,5 240 0
edge|2931|40|1714 8,7,6,5,9,1,4,2,3 240 0
edge|2941|6|1897 2,3,4,8,7,9,6,5,1 15 0
edge|2941|68|2909 1,5,6,4,3,8,7,9,2 60 0
edge|2948|8|2859 9,6,5,1,2,3,4,7,8 15 0
edge|2960|26|2874 9,1,5,6,7,3,4,2,8 112 0
edge|2960|70|2755 1,5,4,3,2,8,9,7,6 1 0
edge|2961|42|2503 3,4,5,1,2,9,8,6,7 28 0
edge|2963|6|2325 8,1,2,3,7,6,5,4,9 120 0
edge|2994|42|2024 2,3,4,9,8,7,5,6,1 15 0
edge|3004|51|2197 3,7,8,5,4,6,9,1,2 248 0
edge|3008|41|2196 7,3,2,5,6,4,1,9,8 62 0
edge|3013|78|3085 2,5,6,1,9,8,7,4,3 62 0
edge|3015|74|3135 3,4,5,6,9,1,2,8,7 60 0
edge|3019|23|3072 5,4,3,7,8,2,1,9,6 60 0
edge|3020|40|3085 2,8,7,3,4,5,6,9,1 60 0
edge|3023|79|2035 1,8,9,7,6,5,4,3,2 0 0
edge|3032|18|1772 3,4,5,6,1,2,8,9,7 60 0
edge|3032|54|1773 5,4,3,7,9,8,2,1,6 60 0
edge|3032|71|2155 6,1,2,8,7,9,3,4,5 60 0
edge|3033|54|2563 7,8,5,4,3,2,6,1,9 32 0
edge|3036|9|2712 1,6,5,8,9,7,4,3,2 15 0
edge|3036|52|2931 5,8,9,7,4,3,2,1,6 15 0
edge|3066|67|3133 7,6,5,4,1,9,8,2,3 120 0
edge|3068|82|2751 2,3,6,7,8,9,1,5,4 30 0
edge|3069|51|2848 8,7,6,3,2,4,5,1,9 30 0
edge|3072|10|3072 2,1,9,4,5,8,7,6,3 248 0
edge|3072|29|3019 7,6,3,2,1,9,4,5,8 248 0
edge|3072|79|3078 8,5,4,9,1,2,3,6,7 248 0
edge|3073|46|3143 4,5,8,7,6,3,2,1,9 248 0
edge|3078|24|3072 5,6,7,3,2,8,9,1,4 120 0
edge|3085|9|2652 9,8,2,3,4,5,1,6,7 1 0
edge|3085|39|3020 9,1,4,5,6,7,3,2,8 120 0
edge|3085|79|3013 4,1,9,8,2,3,7,6,5 120 0
edge|3090|54|2441 7,8,9,2,3,5,4,1,6 1 0
edge|3093|10|2250 9,1,6,7,8,3,4,5,2 224 0
edge|3106|22|2956 2,9,8,4,5,6,7,3,1 120 0
edge|3117|40|2925 1,9,4,8,3,7,6,5,2 12 0
edge|3118|41|1891 6,7,3,4,8,9,1,2,5 12 0
edge|3122|2|2732 5,6,9,1,2,3,4,8,7 240 0
edge|3122|44|2449 2,1,9,6,5,7,8,4,3 240 0
edge|3122|78|1941 3,8,7,6,5,2,1,9,4 12 0
edge|3126|56|2936 6,7,3,8,4,9,1,2,5 12 0
edge|3128|16|2263 7,6,1,9,8,4,3,2,5 126 0
edge|3129|33|2827 4,8,7,6,5,2,3,1,9 8 0
edge|3129|73|2363 8,9,1,6,7,5,2,3,4 126 0
edge|3132|43|2810 8,7,6,1,9,2,5,4,3 224 0
edge|3133|20|3078 5,8,9,4,3,2,1,7,6 15 0
edge|3133|49|3142 9,8,5,6,7,1,2,3,4 15 0
edge|3135|37|3020 6,7,1,2,3,4,9,8,5 15 0
edge|3137|20|3149 4,8,9,5,7,6,1,2,3 15 0
edge|3137|37|1924 9,8,5,7,6,1,2,3,4 15 0
edge|3140|58|2874 4,3,8,7,6,1,9,2,5 224 0
edge|3140|61|3079 8,7,6,1,2,5,4,3,9 31 0
edge|3142|34|3137 6,7,8,9,3,4,5,2,1 31 0
edge|3145|7|2663 2,3,8,7,5,6,4,9,1 248 0
edge|3146|35|3164 4,6,5,7,8,3,2,1,9 248 0
edge|3149|9|3137 7,8,9,1,4,6,5,2,3 62 0
edge|3156|34|2445 1,9,8,3,2,4,5,7,6 126 0
edge|3156|59|2781 2,3,8,9,1,6,7,5,4 126 0
edge|3159|23|2702 7,6,4,3,2,5,1,9,8 0 0
edge|3162|30|2485 3,4,6,7,8,5,9,1,2 0 0
edge|3164|35|3146 8,7,6,1,3,2,4,5,9 31 0
edge|3164|40|2536 9,8,7,6,1,3,2,4,5 31 0
stab|3782 3,2,1,5,4,9,8,7,6 24 0
stab|3795 4,3,2,1,9,6,8,7,5 0 0
stab|3847 8,9,2,1,7,5,6,4,3 124 0
stab|3847 4,3,9,8,6,7,5,1,2 15 0
stab|3909 4,5,6,9,8,7,3,2,1 7 0
stab|3909 9,8,7,1,2,3,6,5,4 63 0
edge|1976|17|3205 7,5,1,9,8,4,3,2,6 126 0
edge|1983|44|3216 3,4,8,9,1,5,7,6,2 126 0
edge|2004|17|3307 5,4,9,8,7,3,1,2,6 63 0
edge|2011|55|3217 1,3,7,8,9,4,5,6,2 63 0
edge|2017|9|3294 5,9,1,2,6,8,7,3,4 28 0
edge|2027|70|3312 1,9,2,6,7,8,3,4,5 28 0
edge|2028|10|3336 3,8,7,6,2,9,1,5,4 28 0
edge|2057|50|3312 7,8,6,2,1,9,5,4,3 28 0
edge|2147|83|3410 7,3,2,6,5,4,1,9,8 62 0
edge|2229|73|3389 4,5,1,7,8,6,9,2,3 1 0
edge|2354|83|3513 1,5,4,6,9,7,8,3,2 7 0
edge|2356|71|3511 5,1,2,9,6,8,7,3,4 28 0
edge|2477|45|3589 2,3,8,9,1,5,7,6,4 126 0
edge|2543|82|3402 8,7,5,1,2,3,6,4,9 47 0
edge|2547|82|3401 7,8,9,4,6,3,2,1,5 47 0
edge|2660|43|3679 1,9,8,3,2,4,6,7,5 126 0
edge|2661|77|3790 3,8,9,1,2,6,4,5,7 4 0
edge|2682|67|3558 4,5,1,2,3,7,9,8,6 7 0
edge|2713|47|3356 3,6,4,5,7,8,9,1,2 0 0
edge|2725|57|3920 1,5,4,3,2,9,8,7,6 1 0
edge|2750|48|3827 4,5,8,9,2,1,3,7,6 120 0
edge|2766|18|3544 2,3,4,5,1,8,9,6,7 30 0
edge|2836|63|3405 5,3,2,7,6,8,9,1,4 30 0
edge|2845|50|3878 2,1,7,6,4,5,3,8,9 124 0
edge|2855|18|3326 2,8,1,9,7,6,5,4,3 0 0
edge|2871|54|3750 6,7,3,2,8,1,9,4,5 120 0
edge|2873|40|3750 3,7,6,8,2,9,1,5,4 28 0
edge|2897|63|3563 6,7,1,2,4,3,5,9,8 31 0
edge|2902|25|3711 7,6,5,2,1,9,4,3,8 12 0
edge|2902|76|3899 5,6,7,3,4,8,9,1,2 12 0
edge|2904|23|3899 1,9,8,3,2,4,5,6,7 126 0
edge|2910|79|3853 9,8,6,7,1,3,2,4,5 31 0
edge|2935|66|3799 9,1,2,3,8,7,4,6,5 248 0
edge|2957|55|3916 4,3,2,1,5,6,8,9,7 15 0
edge|2987|34|3583 2,3,7,8,1,9,6,5,4 62 0
edge|2997|49|3835 7,8,9,1,6,2,3,4,5 32 0
edge|3015|70|3936 4,3,2,1,9,6,5,8,7 240 0
edge|3021|83|3936 9,1,2,3,4,7,8,5,6 240 0
edge|3034|70|3477 5,8,7,9,1,2,6,3,4 32 0
edge|3075|76|3936 9,4,3,2,1,8,7,6,5 255 0
edge|3083|55|3329 3,2,6,1,9,8,7,5,4 32 0
edge|3092|11|3706 1,2,5,6,7,8,3,4,9 12 0
edge|3093|54|3430 6,1,9,2,5,3,4,8,7 224 0
edge|3094|73|3775 9,1,2,5,4,3,8,7,6 224 0
edge|3096|75|3533 9,8,7,6,1,3,2,5,4 31 0
edge|3118|13|3706 6,5,2,1,9,8,4,3,7 12 0
edge|3123|46|3939 9,6,5,7,8,3,4,2,1 240 0
edge|3128|50|3429 1,6,7,5,2,4,3,8,9 126 0
edge|3131|41|3772 7,6,5,2,3,4,8,9,1 126 0
edge|3133|0|3439 4,8,9,5,6,7,1,2,3 15 0
edge|3099|52|4090 3,7,6,5,2,1,9,8,4 12 0
edge|3105|47|4068 1,2,5,6,7,3,4,8,9 12 0
edge|3106|6|4019 7,6,5,4,9,8,2,1,3 120 0
edge|3106|76|3972 7,6,5,4,8,9,2,3,1 120 0
edge|3113|55|4082 5,2,1,9,8,4,3,7,6 12 0
edge|3115|13|3997 4,9,8,2,1,3,7,6,5 120 0
edge|3116|77|4045 9,4,5,2,3,1,6,7,8 31 0
edge|3120|46|4068 6,5,2,1,9,4,3,8,7 12 0
edge|3124|33|4090 4,9,1,2,5,6,7,8,3 12 0
edge|3134|76|4081 2,5,6,7,8,3,4,9,1 12 0
edge|3146|73|3788 3,8,7,6,4,5,2,1,9 4 0
edge|3164|49|3550 6,5,9,8,7,3,1,2,4 63 0
edge|3173|11|3790 1,6,7,8,9,4,2,3,5 1 0
edge|3174|39|3916 9,8,7,6,1,2,4,5,3 31 0
edge|3178|9|4058 3,2,8,7,6,1,9,5,4 254 0
edge|3181|9|3219 7,3,1,2,6,4,5,9,8 63 0
edge|3181|68|3315 5,4,6,2,1,3,7,8,9 63 0
edge|3200|77|3083 4,6,7,8,9,5,1,2,3 16 0
edge|3201|37|4093 1,9,2,6,8,7,3,4,5 28 0
edge|3205|25|4096 7,8,6,2,9,1,5,4,3 28 0
edge|3218|22|3181 3,4,2,6,7,5,1,9,8 126 0
edge|3219|47|3513 1,5,7,6,2,4,3,8,9 126 0
edge|3222|21|3530 1,9,8,7,3,4,2,6,5 62 0
edge|3228|33|4044 4,8,7,6,2,3,1,9,5 24 0
edge|3228|42|4056 3,2,6,7,8,4,5,9,1 24 0
edge|3228|62|3984 6,2,3,1,9,5,4,8,7 24 0
edge|3235|31|4089 9,2,3,4,5,1,7,6,8 1 0
edge|3242|34|3276 9,4,5,6,2,3,1,7,8 63 0
edge|3242|72|3281 1,3,2,6,5,4,9,8,7 63 0
edge|3253|76|3869 3,2,6,7,8,9,4,5,1 24 0
edge|3269|12|3246 7,5,6,2,3,4,8,9,1 126 0
edge|3269|81|3452 8,4,3,2,6,5,7,1,9 126 0
edge|3302|41|3105 8,6,9,1,2,3,4,5,7 0 0
edge|3309|8|3941 6,7,3,1,2,9,8,4,5 120 0
edge|3319|22|3706 5,6,2,1,9,8,4,3,7 12 0
edge|3326|16|2855 3,1,9,8,7,6,5,2,4 0 0
edge|3329|29|3083 4,2,1,9,8,3,7,6,5 4 0
edge|3331|61|4090 4,9,1,2,6,5,7,8,3 12 0
edge|3334|77|4068 5,6,2,1,9,4,3,8,7 12 0
edge|3342|31|4048 3,4,5,1,9,2,6,8,7 28 0
edge|3346|31|4057 5,4,3,7,8,6,2,9,1 28 0
edge|3370|73|4109 5,6,7,2,8,9,1,3,4 0 0
edge|3380|12|3442 3,4,9,5,7,6,8,1,2 255 0
edge|3383|65|3114 5,6,7,3,8,9,1,2,4 4 0
edge|3394|53|3788 3,8,7,5,4,6,2,1,9 4 0
edge|3397|27|3531 8,7,3,2,1,5,9,4,6 248 0
edge|3401|16|2549 8,7,6,4,9,5,1,2,3 248 0
edge|3402|44|2636 4,5,6,8,3,7,2,1,9 248 0
edge|3405|36|2837 8,3,2,9,1,5,4,6,7 248 0
edge|3420|77|3549 4,2,9,1,5,7,6,8,3 240 0
edge|3426|66|3956 6,8,7,3,2,4,5,1,9 30 0
edge|3429|44|3130 1,5,7,6,4,2,3,8,9 126 0
edge|3429|61|4078 3,7,6,4,5,8,9,1,2 120 0
edge|3430|17|3096 2,4,6,7,5,1,9,8,3 126 0
edge|3436|69|4107 7,5,6,4,2,3,8,9,1 126 0
edge|3437|65|4017 9,6,7,5,4,8,3,2,1 128 0
edge|3439|5|3133 7,8,9,1,4,5,6,2,3 62 0
edge|3442|51|3380 8,9,1,2,4,6,5,7,3 4 0
edge|3444|75|3887 8,3,2,4,6,5,7,1,9 126 0
edge|3459|32|2961 7,5,1,9,8,3,2,4,6 126 0
edge|3466|69|3040 5,6,8,9,1,7,3,2,4 64 0
edge|3483|7|3984 2,6,5,7,8,3,4,9,1 12 0
edge|3501|53|3840 4,5,9,1,2,7,3,8,6 248 0
edge|3519|24|3556 1,5,4,3,2,6,9,8,7 1 0
edge|3522|48|3098 5,7,6,9,8,4,3,2,1 15 0
edge|3527|13|3319 4,3,8,7,1,2,9,6,5 192 0
edge|3528|19|3291 9,2,1,7,8,3,4,5,6 192 0
edge|3528|43|3225 1,7,5,6,9,8,4,3,2 15 0
edge|3531|60|3397 5,4,3,8,6,9,2,1,7 92 0
edge|3536|29|3515 4,5,7,1,2,9,6,8,3 92 0
edge|3538|63|2767 5,1,2,3,4,8,9,6,7 15 0
edge|3547|42|2861 3,4,5,1,2,9,6,8,7 28 0
edge|3550|37|3164 7,8,6,9,2,1,5,4,3 28 0
edge|3560|74|3787 4,3,8,9,6,7,5,1,2 15 0
edge|3561|46|2916 2,1,7,5,6,4,3,8,9 124 0
edge|3561|59|2938 3,4,6,5,7,1,2,9,8 124 0
edge|3562|78|4088 6,4,3,8,9,2,1,5,7 124 0
edge|3566|15|4059 4,5,1,2,9,6,7,8,3 28 0
edge|3567|26|3961 8,4,5,6,9,2,1,3,7 192 0
edge|3572|38|3574 1,2,9,6,5,4,8,7,3 192 0
edge|3574|24|2958 4,3,2,1,5,6,9,7,8 15 0
edge|3581|49|2989 5,1,2,9,8,7,3,4,6 60 0
edge|3597|75|4107 9,2,1,3,7,8,4,5,6 192 0
edge|3621|40|3943 6,4,3,8,7,9,2,1,5 60 0
edge|3631|68|3162 8,7,1,5,6,4,3,2,9 1 0
edge|3647|43|3494 8,7,1,5,4,6,3,2,9 1 0
edge|3648|75|3175 1,7,8,6,9,2,3,4,5 1 0
edge|3652|46|3821 5,6,3,2,1,9,4,8,7 8 0
edge|3665|12|3914 9,8,4,3,2,1,5,6,7 15 0
edge|3680|40|4065 2,1,5,4,6,9,8,7,3 7 0
edge|3680|65|3671 8,7,3,2,9,1,5,4,6 248 0
edge|3687|25|4093 6,5,7,2,1,9,8,3,4 124 0
edge|3704|42|3894 5,4,8,3,7,2,1,9,6 192 0
edge|3706|10|3093 1,2,7,8,3,4,5,6,9 192 0
edge|3706|79|3118 4,3,8,7,2,1,9,6,5 192 0
edge|3711|54|2902 5,4,8,7,3,2,1,9,6 192 0
edge|3718|25|4096 5,4,6,2,3,7,8,9,1 62 0
edge|3725|26|4082 6,7,3,2,1,9,8,5,4 120 0
edge|3726|73|4037 3,2,1,9,6,7,5,4,8 128 0
edge|3728|43|3949 7,5,4,8,3,2,1,9,6 128 0
edge|3742|51|3800 3,2,1,5,8,9,7,6,4 16 0
edge|3750|18|2871 6,4,3,8,9,1,2,5,7 124 0
edge|3759|31|3767 2,1,9,8,3,4,6,5,7 124 0
edge|3764|33|3770 5,4,3,2,1,7,6,8,9 31 0
edge|3766|71|4061 5,6,8,9,2,1,7,3,4 64 0
edge|3767|62|3759 2,1,5,6,8,7,9,4,3 15 0
edge|3771|59|3132 2,3,6,5,4,9,8,7,1 63 0
edge|3772|59|3131 9,4,5,6,3,2,1,7,8 63 0
edge|3787|53|3560 8,9,2,1,7,5,6,3,4 124 0
edge|3795|44|3953 6,3,4,9,8,7,5,1,2 47 0
edge|3795|65|3953 6,2,1,5,7,8,9,4,3 47 0
edge|3796|59|3802 9,8,6,5,1,7,2,3,4 15 0
edge|3799|37|2935 2,3,4,7,9,8,6,5,1 15 0
edge|3800|48|3742 3,2,1,9,4,8,7,5,6 8 0
edge|3802|19|3796 5,7,8,9,4,3,6,2,1 47 0
edge|3821|40|3652 5,4,3,7,1,2,9,8,6 64 0
edge|3827|43|2758 6,5,7,1,2,9,8,3,4 124 0
edge|3837|80|4087 2,9,8,3,4,6,7,5,1 124 0
edge|3847|52|2913 5,7,6,8,9,3,4,2,1 15 0
edge|3879|53|4096 3,2,7,5,1,9,8,6,4 80 0
edge|3879|64|4104 9,1,5,7,2,3,4,6,8 80 0
edge|3894|49|3706 7,6,4,2,1,9,5,3,8 20 0
edge|3899|23|2904 1,5,4,6,7,8,9,3,2 7 0
edge|3899|76|2902 8,9,4,5,1,2,3,6,7 24 0
edge|3909|27|2790 3,6,5,7,8,9,4,1,2 8 0
edge|3911|4|4082 9,8,3,4,5,6,7,1,2 124 0
edge|3914|38|3665 6,5,4,3,7,8,9,2,1 60 0
edge|3916|47|3174 5,6,9,7,8,4,3,2,1 15 0
edge|3916|74|3970 4,3,2,1,5,6,9,8,7 15 0
edge|3919|24|3901 3,2,9,8,4,1,5,6,7 120 0
edge|3920|33|4103 5,6,9,8,7,4,3,2,1 15 0
edge|3936|19|3021 2,3,4,5,8,9,6,7,1 31 0
edge|3936|21|3075 5,4,3,2,9,8,7,6,1 1 0
edge|3936|37|3017 4,3,2,1,7,6,9,8,5 31 0
edge|3936|76|3467 8,5,4,6,7,1,3,2,9 120 0
edge|3939|46|3123 9,8,6,7,3,2,4,5,1 30 0
edge|3940|61|4090 7,3,4,5,1,2,9,8,6 28 0
edge|3941|16|3309 4,5,3,8,9,1,2,7,6 124 0
edge|3949|37|3738 7,6,5,3,2,9,1,4,8 8 0
edge|3951|31|3802 8,9,2,3,7,1,6,5,4 120 0
edge|3951|64|4094 7,6,1,4,5,3,2,9,8 1 0
edge|3952|77|3969 6,5,1,4,7,3,2,9,8 65 0
edge|3958|29|3567 7,6,8,2,3,4,9,1,5 254 0
edge|3967|33|4057 2,4,6,7,8,3,5,9,1 20 0
edge|3967|59|4061 6,4,2,1,9,5,3,8,7 20 0
edge|3969|19|3953 3,7,6,4,2,1,5,9,8 20 0
edge|3969|29|3953 5,1,2,4,6,7,3,8,9 20 0
edge|3972|31|3116 9,7,8,4,3,2,1,5,6 15 0
edge|3975|27|3984 7,3,4,5,2,8,9,1,6 96 0
edge|3975|30|3977 5,2,8,9,1,6,7,3,4 96 0
edge|3975|48|3996 6,1,9,8,2,5,4,3,7 96 0
edge|3975|57|3975 8,2,5,4,3,7,6,1,9 96 0
edge|3976|16|4051 9,1,6,7,3,4,5,2,8 96 0
edge|3977|8|4051 1,9,4,3,7,6,5,8,2 12 0
edge|3977|9|4051 3,4,9,1,6,7,8,5,2 254 0
edge|3977|25|4000 4,3,7,6,1,9,8,2,5 96 0
edge|3977|31|4022 7,6,1,9,4,3,2,5,8 254 0
edge|3977|32|4022 6,7,3,4,9,1,2,8,5 12 0
edge|3977|48|3982 9,4,3,2,5,8,7,6,1 254 0
edge|3977|66|3984 4,9,1,2,8,5,6,7,3 12 0
edge|3982|14|3977 2,5,8,7,6,1,9,4,3 254 0
edge|3982|66|4007 1,6,7,8,5,2,3,4,9 254 0
edge|3984|16|3975 8,5,2,3,4,9,1,6,7 254 0
edge|3984|20|3228 4,2,3,7,6,1,9,8,5 96 0
edge|3984|43|3483 9,1,6,7,3,2,4,5,8 96 0
edge|3997|50|3115 5,4,6,1,9,8,7,3,2 62 0
edge|3999|62|4073 3,2,8,9,1,4,5,6,7 120 0
edge|4000|4|3977 2,8,5,6,7,3,4,9,1 12 0
edge|4000|68|4012 3,7,6,5,8,2,1,9,4 12 0
edge|4011|48|4099 5,8,2,1,9,4,3,7,6 12 0
edge|4017|53|3437 9,8,7,5,4,2,3,6,1 32 0
edge|4019|3|3106 8,7,9,4,3,2,1,6,5 15 0
edge|4037|73|3726 3,2,1,8,7,5,6,9,4 255 0
edge|4043|15|3258 7,5,6,1,9,4,3,2,8 254 0
edge|4045|77|3116 6,4,5,2,3,7,8,9,1 62 0
edge|4048|13|3346 4,6,1,2,3,7,9,8,5 7 0
edge|4052|34|3659 3,4,9,1,2,6,7,8,5 252 0
edge|4053|27|3362 9,7,3,2,1,6,4,5,8 7 0
edge|4056|5|3228 9,2,1,6,7,3,4,5,8 96 0
edge|4056|12|3113 1,2,6,7,3,4,5,8,9 96 0
edge|4056|19|3967 9,1,6,2,7,3,4,5,8 96 0
edge|4056|66|3152 4,3,7,6,2,1,9,8,5 96 0
edge|4057|64|3768 6,5,8,9,1,2,7,3,4 64 0
edge|4058|43|3178 6,2,1,9,8,5,4,3,7 96 0
edge|4058|72|3967 4,3,7,2,6,1,9,8,5 96 0
edge|4059|56|3872 4,3,7,6,1,2,9,8,5 96 0
edge|4065|27|3680 2,1,9,4,3,5,8,7,6 252 0
edge|4066|39|3346 6,2,3,4,5,8,7,9,1 32 0
edge|4071|67|3725 8,9,1,4,5,3,2,6,7 30 0
edge|4073|17|4073 1,2,5,4,3,9,8,7,6 31 0
edge|4073|25|4039 5,2,1,6,7,8,9,3,4 31 0
edge|4080|23|3159 9,1,6,7,2,3,4,5,8 96 0
edge|4082|1|3911 8,9,3,4,5,6,7,2,1 124 0
edge|4082|42|3113 3,2,7,6,1,9,8,5,4 96 0
edge|4082|48|3733 5,4,3,9,8,1,2,7,6 124 0
edge|4087|16|3838 9,1,4,5,8,6,7,3,2 248 0
edge|4088|12|3113 6,5,1,9,4,3,2,8,7 254 0
edge|4088|24|3838 7,6,3,2,8,1,9,4,5 120 0
edge|4090|40|3940 5,6,2,3,4,9,1,8,7 14 0
edge|4090|45|3331 3,4,9,1,6,5,7,8,2 254 0
edge|4090|46|3124 3,4,9,1,5,6,7,8,2 254 0
edge|4093|17|3201 1,3,7,8,9,4,6,5,2 63 0
edge|4093|25|3346 6,4,9,8,7,3,1,2,5 63 0
edge|4093|29|3687 5,4,8,9,2,1,3,7,6 120 0
edge|4093|57|3881 5,2,1,9,4,8,3,7,6 12 0
edge|4094|64|3951 3,7,6,4,5,2,1,9,8 4 0
edge|4096|25|3718 9,4,5,2,1,3,6,7,8 31 0
edge|4102|52|3935 9,8,7,6,1,2,5,4,3 31 0
edge|4104|14|3879 2,5,6,7,3,8,4,9,1 12 0
edge|4107|44|3436 9,5,6,4,2,3,1,7,8 63 0
edge|4107|66|3728 3,2,4,7,8,9,5,6,1 48 0
edge|4109|13|3370 7,4,8,9,1,2,3,5,6 0 0
stab|4147 9,5,4,3,2,6,8,7,1 254 0
stab|4313 8,7,5,1,9,2,6,4,3 208 0
stab|4313 4,6,9,8,3,7,2,1,5 7 0
edge|3181|59|4116 2,3,1,7,6,8,9,5,4 31 0
edge|3340|53|4154 8,3,4,5,6,2,9,1,7 192 0
edge|3410|30|4189 1,4,5,6,2,3,7,8,9 62 0
edge|3465|29|4216 9,1,5,7,3,2,4,6,8 80 0
edge|3527|58|4124 9,6,8,7,1,5,4,3,2 1 0
edge|3575|4|4122 4,8,3,7,6,9,2,1,5 28 0
edge|3546|81|4274 9,8,4,3,2,7,1,5,6 15 0
edge|3596|48|4171 3,1,2,9,8,5,4,6,7 120 0
edge|3659|19|4264 5,4,3,2,9,6,8,7,1 1 0
edge|3682|13|4122 2,7,3,8,9,6,4,5,1 7 0
edge|3701|70|4216 5,4,1,8,7,3,2,9,6 193 0
edge|3744|68|4287 7,5,4,3,8,9,6,2,1 92 0
edge|3745|33|4270 9,8,3,2,1,7,5,4,6 7 0
edge|3776|79|4254 8,6,2,3,4,5,9,1,7 254 0
edge|3777|76|4236 3,4,5,9,6,8,7,1,2 31 0
edge|3797|75|4186 6,3,2,1,5,7,8,9,4 47 0
edge|3888|42|4294 9,8,7,5,1,2,6,4,3 47 0
edge|3909|19|4307 4,9,8,7,5,6,3,2,1 8 0
edge|3912|51|4250 2,9,6,7,3,8,4,5,1 28 0
edge|3941|81|4162 3,5,4,6,7,1,2,9,8 124 0
edge|3957|25|4272 2,1,5,4,3,9,7,6,8 28 0
edge|3961|11|4112 4,9,5,1,2,8,6,7,3 28 0
edge|3962|28|4274 6,8,2,1,5,9,4,3,7 28 0
edge|3970|54|4262 2,3,7,8,1,4,5,6,9 193 0
edge|3896|19|4344 2,1,5,4,3,9,8,7,6 28 0
edge|3916|66|4344 5,6,9,8,4,7,3,2,1 15 0
edge|3979|47|4271 8,7,3,2,1,6,9,4,5 248 0
edge|3983|18|4152 5,7,6,1,2,3,4,9,8 15 0
edge|3989|74|4349 7,3,4,5,8,2,9,1,6 96 0
edge|3995|23|4318 1,9,8,7,6,3,2,5,4 30 0
edge|4005|34|4227 9,2,8,5,4,3,7,6,1 96 0
edge|4018|69|4337 2,1,6,5,4,9,3,7,8 60 0
edge|4023|71|4343 4,5,8,7,3,6,2,1,9 248 0
edge|4046|9|4349 3,7,6,5,2,8,1,9,4 12 0
edge|4048|19|4187 4,6,5,8,9,7,3,2,1 7 0
edge|4051|57|4351 2,1,6,5,4,3,7,9,8 60 0
edge|4052|43|4326 4,5,8,9,1,2,6,7,3 96 0
edge|4053|65|4185 9,7,8,5,4,6,1,2,3 7 0
edge|4058|53|4327 3,4,5,8,7,6,2,1,9 252 0
edge|4069|69|4266 9,1,2,7,8,6,5,4,3 252 0
edge|4075|48|4192 4,9,1,2,5,8,6,7,3 12 0
edge|4080|60|4324 9,8,5,4,3,2,7,6,1 96 0
edge|4084|30|4192 9,4,3,2,8,5,7,6,1 254 0
edge|4092|20|4298 5,6,1,2,3,7,4,9,8 15 0
edge|4092|26|4297 8,9,4,5,6,1,7,3,2 120 0
edge|4092|47|4297 2,3,7,8,9,4,1,6,5 62 0
edge|4095|68|4187 6,4,5,2,1,3,7,8,9 63 0
edge|4098|3|4211 9,8,4,3,1,7,6,5,2 13 0
edge|4100|9|4355 8,7,6,1,3,2,5,4,9 31 0
edge|4108|26|4311 7,6,1,9,8,5,3,2,4 126 0
edge|4097|24|4369 5,4,9,8,7,6,1,3,2 31 0
edge|4110|31|4311 5,9,1,3,4,2,6,7,8 16 0
edge|4110|42|3785 5,9,8,7,6,2,4,3,1 16 0
edge|4110|52|4339 4,3,8,7,6,1,5,9,2 240 0
edge|4112|15|3961 4,5,9,1,3,7,8,6,2 250 0
edge|4112|34|3752 9,1,3,7,8,6,2,4,5 250 0
edge|4116|9|4166 3,7,8,9,2,6,4,5,1 5 0
edge|4122|20|3575 8,7,3,1,9,5,4,2,6 250 0
edge|4123|69|4168 6,8,7,3,4,9,5,1,2 28 0
edge|4126|58|4355 9,8,7,3,4,2,6,5,1 62 0
edge|4134|31|4219 3,8,4,5,1,9,2,6,7 28 0
edge|4140|74|4247 4,6,2,9,8,7,3,1,5 5 0
edge|4142|9|4196 2,9,1,5,4,8,3,7,6 28 0
edge|4144|37|4154 6,4,5,1,9,8,7,3,2 62 0
edge|4147|57|4133 9,5,1,7,8,6,2,3,4 254 0
edge|4151|70|4349 4,3,1,9,8,2,7,6,5 0 0
edge|4152|17|3984 4,5,6,7,1,3,2,9,8 120 0
edge|4154|80|4144 4,9,8,2,3,1,7,6,5 120 0
edge|4158|61|4357 2,6,7,1,5,9,8,4,3 126 0
edge|4162|18|4144 3,1,7,5,4,9,8,6,2 88 0
edge|4162|39|3942 6,7,1,3,2,4,5,9,8 31 0
edge|4166|55|4138 8,9,4,5,7,1,3,2,6 88 0
edge|4169|48|4209 9,8,4,3,1,7,5,6,2 13 0
edge|4184|47|4050 9,8,7,1,3,2,6,4,5 63 0
edge|4184|83|4079 7,8,9,5,4,6,2,3,1 63 0
edge|4186|24|3797 4,3,2,9,5,1,6,7,8 240 0
edge|4187|51|4095 5,4,6,2,3,1,7,8,9 63 0
edge|4189|4|3722 1,5,6,2,3,4,7,8,9 62 0
edge|4192|6|4075 3,4,9,1,5,7,8,6,2 254 0
edge|4192|25|4084 9,4,3,2,6,8,7,5,1 254 0
edge|4198|74|4348 2,3,7,8,9,4,1,5,6 62 0
edge|4198|78|4343 6,5,1,9,8,4,7,3,2 62 0
edge|4203|19|4040 8,6,2,3,4,9,1,5,7 254 0
edge|4209|48|4169 5,9,4,3,7,8,6,2,1 28 0
edge|4211|31|4098 5,9,4,3,8,7,6,2,1 28 0
edge|4215|66|4235 7,8,9,4,2,3,1,5,6 15 0
edge|4216|21|3465 2,6,5,7,3,8,4,9,1 12 0
edge|4216|47|3715 3,7,6,2,1,9,5,4,8 28 0
edge|4219|33|4134 5,7,1,3,4,8,9,2,6 13 0
edge|4225|67|4130 8,3,7,1,9,2,6,5,4 192 0
edge|4227|6|4056 9,2,6,5,4,8,7,3,1 192 0
edge|4227|70|4331 3,1,9,8,4,5,2,6,7 122 0
edge|4231|53|4299 2,9,1,5,6,4,3,7,8 60 0
edge|4233|32|4301 7,3,4,5,6,2,8,9,1 64 0
edge|4235|11|4215 5,7,6,8,4,3,2,1,9 240 0
edge|4235|20|4215 7,5,6,4,8,9,1,2,3 120 0
edge|4236|14|4297 8,9,4,6,7,5,3,2,1 120 0
edge|4236|40|3777 8,9,1,2,3,5,7,6,4 120 0
edge|4236|64|4297 1,2,3,8,9,4,5,7,6 127 0
edge|4243|32|3662 8,9,1,7,3,2,4,5,6 64 0
edge|4247|54|4309 6,9,1,7,5,4,2,3,8 94 0
edge|4250|47|3912 9,1,5,7,8,3,4,6,2 208 0
edge|4252|30|4322 2,3,8,9,1,4,5,7,6 126 0
edge|4255|14|4325 4,5,7,3,2,1,6,8,9 88 0
edge|4256|74|4364 6,2,1,7,3,8,9,4,5 63 0
edge|4262|17|3970 5,1,2,6,7,8,3,4,9 28 0
edge|4264|34|3831 9,4,3,2,1,6,8,7,5 255 0
edge|4265|48|4331 9,4,5,7,8,6,1,2,3 255 0
edge|4266|26|4328 7,8,9,4,5,1,3,2,6 24 0
edge|4266|40|4069 2,3,9,8,7,6,4,5,1 7 0
edge|4267|17|3886 5,4,3,8,7,9,6,2,1 28 0
edge|4267|65|4034 5,4,3,8,9,6,2,1,7 92 0
edge|4268|52|4032 2,1,7,5,4,3,8,9,6 92 0
edge|4270|10|3957 2,1,5,4,3,8,7,9,6 28 0
edge|4274|28|3962 4,3,8,7,5,1,9,2,6 208 0
edge|4281|6|4369 8,7,1,5,4,3,2,6,9 1 0
edge|4283|40|4284 1,5,6,9,2,3,7,8,4 193 0
edge|4296|83|4092 3,4,5,7,1,2,6,9,8 92 0
edge|4297|19|4092 7,1,2,6,9,8,3,4,5 92 0
edge|4297|37|4236 9,8,7,3,6,4,5,1,2 60 0
edge|4297|53|4237 1,2,3,6,7,9,8,4,5 24 0
edge|4299|28|4004 1,7,6,9,8,5,4,3,2 31 0
edge|4299|66|4231 3,1,7,6,4,5,8,9,2 120 0
edge|4300|73|4333 2,1,5,4,6,7,9,8,3 7 0
edge|4301|25|4233 9,6,2,3,4,5,1,7,8 1 0
edge|4307|83|3909 9,8,7,1,5,6,4,3,2 1 0
edge|4308|18|4357 1,5,4,3,8,7,6,9,2 28 0
edge|4309|47|4254 3,7,8,6,5,1,4,9,2 248 0
edge|4310|66|4127 3,6,4,5,1,7,8,9,2 1 0
edge|4311|18|4108 3,8,7,9,6,2,1,5,4 28 0
edge|4313|25|3973 3,8,9,6,4,5,1,2,7 7 0
edge|4316|7|4056 5,6,9,1,2,7,8,3,4 192 0
edge|4317|25|4081 9,6,5,4,3,8,7,2,1 192 0
edge|4322|57|4252 5,1,2,6,7,9,8,3,4 28 0
edge|4325|17|4255 6,5,4,1,2,7,3,8,9 7 0
edge|4327|22|4058 8,7,1,2,3,6,5,4,9 63 0
edge|4328|49|4333 4,5,6,8,7,1,3,2,9 248 0
edge|4328|63|4266 6,8,7,4,5,9,1,2,3 24 0
edge|4331|13|4228 2,7,1,5,6,8,9,4,3 15 0
edge|4331|28|4265 7,8,9,2,3,6,4,5,1 1 0
edge|4333|7|4312 2,1,9,4,3,5,6,8,7 252 0
edge|4333|11|4328 6,8,7,1,2,3,5,4,9 31 0
edge|4335|47|4301 7,1,2,6,8,9,3,4,5 92 0
edge|4339|12|4111 6,9,2,1,7,5,4,3,8 92 0
edge|4343|16|4029 8,7,5,1,2,6,4,3,9 47 0
edge|4343|35|4349 2,1,5,4,3,9,7,8,6 28 0
edge|4343|80|4198 3,9,8,6,2,1,7,5,4 92 0
edge|4346|68|4347 1,2,6,5,4,3,9,8,7 63 0
edge|4349|24|4151 3,6,2,1,9,8,7,5,4 0 0
edge|4349|76|4046 7,5,1,9,4,3,2,6,8 254 0
edge|4351|25|4056 8,9,4,5,6,7,3,1,2 120 0
edge|4355|9|4100 4,6,5,8,7,3,2,1,9 248 0
edge|4355|20|4126 9,6,4,5,8,7,3,2,1 248 0
edge|4355|34|4318 1,9,4,3,2,7,6,5,8 14 0
edge|4357|42|4308 2,3,4,9,1,8,5,6,7 14 0
edge|4357|52|4158 4,1,9,8,5,2,3,7,6 104 0
edge|4364|29|4256 3,2,5,8,9,1,4,6,7 104 0
edge|4369|0|4097 7,9,8,2,1,6,5,4,3 60 0
edge|4369|14|4341 3,7,6,5,4,8,2,1,9 4 0
stab|4379 9,8,4,3,5,7,6,2,1 12 0
stab|4379 2,1,3,5,4,9,8,7,6 24 0
stab|4379 8,9,4,5,3,1,2,6,7 24 0
stab|4379 6,7,5,3,4,8,9,1,2 12 0
stab|4381 3,7,1,5,4,6,2,9,8 5 0
edge|4147|70|4370 8,2,9,1,7,3,4,5,6 64 0
edge|4163|32|4373 7,1,3,2,6,9,8,4,5 88 0
edge|4175|42|4375 7,4,3,2,6,5,1,9,8 62 0
edge|4339|78|4375 7,3,8,9,5,4,6,2,1 63 0
edge|4353|33|4376 5,2,3,7,6,1,4,9,8 104 0
edge|4354|77|4375 9,6,1,2,3,7,8,5,4 248 0
edge|4359|3|4377 8,2,1,6,7,3,9,4,5 159 0
