0 root
1 0 0 7,2,3,6,8,1,4,9,5 127 0
2 1 42 9,1,3,2,5,4,7,6,8 190 0
3 1 51 6,3,5,1,7,8,2,4,9 18 0
4 1 52 4,5,7,9,1,6,2,3,8 167 0
5 1 57 2,4,1,6,9,3,8,7,5 178 0
6 2 25 4,3,9,8,7,6,2,5,1 172 0
7 2 37 3,5,2,7,9,4,8,1,6 36 0
8 2 52 5,3,7,9,1,2,6,8,4 7 0
9 3 30 6,9,5,8,1,3,7,4,2 143 0
10 3 46 3,2,4,5,7,8,6,1,9 39 0
11 4 68 3,2,5,8,9,4,1,6,7 22 0
12 5 12 3,2,9,4,8,5,7,1,6 182 0
13 6 1 1,4,7,6,9,5,2,3,8 141 0
14 6 37 5,1,6,9,2,3,8,7,4 199 0
15 6 68 2,3,5,8,9,4,1,6,7 20 0
16 6 71 2,5,3,8,7,1,4,6,9 0 0
17 7 12 3,2,9,4,7,8,5,1,6 102 0
18 7 32 4,2,3,1,8,9,5,6,7 15 0
19 8 100 1,3,8,5,4,6,7,2,9 126 0
20 9 12 3,9,2,8,5,4,7,6,1 173 0
21 9 38 1,2,4,5,3,7,6,8,9 7 0
22 9 97 3,1,6,2,5,8,4,9,7 169 0
23 10 67 1,2,4,5,7,6,3,9,8 217 0
24 11 43 3,6,1,2,7,4,5,9,8 96 0
25 12 54 1,2,3,8,4,6,7,9,5 7 0
26 13 66 1,7,4,3,8,5,2,6,9 78 0
27 13 89 1,2,3,4,7,5,6,8,9 0 0
28 14 68 3,2,5,1,9,8,4,7,6 22 0
29 15 44 1,2,3,6,7,4,9,8,5 5 0
30 15 78 1,3,7,2,6,8,5,4,9 70 0
31 15 111 3,2,4,1,5,6,7,9,8 105 0
32 15 116 1,3,4,9,2,6,5,7,8 1 0
33 16 65 1,2,3,4,9,7,6,5,8 0 0
34 16 101 1,6,3,5,4,2,7,9,8 4 0
35 17 1 1,2,4,6,7,3,8,5,9 108 0
36 17 25 1,3,5,2,9,8,7,4,6 19 0
37 17 64 1,2,3,8,4,6,7,9,5 7 0
38 18 21 5,3,4,1,6,2,8,9,7 43 0
39 18 94 3,1,6,5,4,8,2,7,9 2 0
40 18 111 2,3,1,4,8,5,6,7,9 0 0
41 19 75 2,4,1,7,3,5,9,6,8 115 0
42 20 90 1,3,4,7,5,2,6,8,9 44 0
43 20 109 7,3,2,1,4,6,5,8,9 64 0
44 21 21 3,4,6,8,2,1,5,9,7 236 0
45 22 47 2,4,9,5,7,3,6,1,8 236 0
46 23 100 2,1,7,3,4,6,5,8,9 225 0
47 24 67 1,5,4,9,3,7,2,6,8 1 0
48 24 95 1,6,3,4,5,8,9,7,2 36 0
49 25 43 3,1,6,7,2,8,9,4,5 4 0
50 26 61 1,8,2,5,7,4,3,9,6 113 0
51 27 68 1,3,4,5,2,6,9,7,8 126 0
52 27 96 1,2,4,8,5,3,6,7,9 12 0
53 28 87 3,4,1,2,7,8,5,6,9 0 0
54 29 120 4,2,1,3,5,6,9,7,8 19 0
55 30 100 1,2,4,5,3,7,8,6,9 7 0
56 30 109 3,2,1,7,5,4,6,9,8 0 0
57 30 117 5,2,1,3,4,6,7,9,8 19 0
58 31 108 2,4,3,1,5,6,9,7,8 3 0
59 32 88 1,5,2,8,6,3,9,4,7 17 0
60 33 32 3,1,4,2,5,7,8,6,9 105 0
61 33 44 1,3,2,6,7,4,5,9,8 5 0
62 34 108 3,1,5,6,7,2,8,4,9 67 0
63 35 51 1,2,3,4,6,7,8,5,9 3 0
64 35 99 1,7,2,3,5,4,6,8,9 2 0
65 36 11 1,2,3,9,4,5,6,7,8 7 0
66 37 43 3,1,7,6,2,8,4,9,5 3 0
67 37 68 1,2,3,8,4,5,6,9,7 0 0
68 38 63 3,1,4,5,6,7,2,8,9 27 0
69 39 115 2,4,3,7,1,5,6,8,9 13 0
70 40 99 1,6,3,8,4,2,7,5,9 69 0
71 41 88 2,4,1,7,5,3,8,6,9 141 0
72 42 117 4,2,3,7,6,5,1,9,8 35 0
73 43 114 3,1,4,5,6,2,7,8,9 68 0
74 44 31 1,3,9,4,8,5,7,2,6 36 0
75 44 67 1,2,3,4,5,7,8,6,9 0 0
76 44 73 1,3,2,4,8,5,9,7,6 6 0
77 45 38 1,3,2,5,6,7,4,9,8 0 0
78 46 111 1,2,4,3,7,9,8,5,6 172 0
79 47 14 1,2,3,8,4,5,6,9,7 7 0
80 48 32 2,4,1,3,9,5,6,8,7 230 0
81 48 65 3,4,1,2,9,5,8,6,7 224 0
82 49 50 1,2,3,4,5,7,6,9,8 0 0
83 50 35 4,7,1,9,5,3,2,6,8 243 0
84 51 66 1,2,3,4,7,5,6,9,8 0 0
85 52 103 3,1,2,4,6,7,5,8,9 7 0
86 53 68 7,3,8,4,1,2,6,5,9 91 0
87 54 102 3,1,4,2,6,7,5,8,9 8 0
88 55 103 1,3,2,4,7,6,5,8,9 1 0
89 56 114 1,3,7,4,6,5,2,8,9 91 0
90 56 117 2,3,6,5,4,1,7,9,8 39 0
91 56 120 5,2,1,4,6,3,7,8,9 2 0
92 57 117 4,3,6,1,2,8,7,5,9 96 0
93 58 124 3,1,2,5,6,4,7,8,9 6 0
94 59 68 3,5,9,2,4,1,6,8,7 0 0
95 60 97 1,3,2,4,5,8,6,7,9 6 0
96 61 66 1,6,7,2,3,4,5,8,9 5 0
97 61 67 1,6,7,3,2,5,4,8,9 100 0
98 62 95 1,5,6,2,8,3,4,7,9 50 0
99 63 74 3,2,1,4,7,6,8,5,9 3 0
100 64 118 1,3,2,5,7,4,6,9,8 3 0
101 65 26 2,1,3,4,6,7,8,9,5 7 0
102 66 30 1,2,3,4,5,6,8,9,7 0 0
103 67 44 2,1,6,7,3,5,4,8,9 156 0
104 68 98 2,3,4,5,6,1,7,9,8 1 0
105 69 108 1,6,3,2,4,5,7,8,9 0 0
106 70 118 1,5,2,4,3,6,8,7,9 18 0
107 71 53 2,3,1,4,7,5,6,9,8 6 0
108 72 108 1,2,6,4,3,7,5,8,9 126 0
109 72 122 5,1,3,4,2,6,7,9,8 67 0
110 73 112 1,7,3,2,4,5,6,8,9 7 0
111 74 30 1,2,5,8,3,6,9,4,7 108 0
112 75 66 1,3,2,4,7,5,6,8,9 6 0
113 76 68 1,6,2,3,7,5,9,8,4 145 0
114 76 99 1,2,6,3,5,9,8,4,7 146 0
115 77 59 1,3,5,2,4,8,6,7,9 83 0
116 78 32 1,2,4,8,3,9,5,7,6 184 0
117 79 50 2,1,5,7,3,8,4,6,9 83 0
118 80 91 6,9,7,1,3,8,2,5,4 129 0
119 81 95 4,2,3,1,5,6,8,7,9 9 0
120 82 85 3,1,2,4,7,9,6,8,5 7 0
121 83 67 1,3,9,4,5,2,6,7,8 121 0
122 84 121 1,2,3,4,7,6,5,9,8 6 0
123 85 114 2,1,6,3,4,5,8,9,7 225 0
124 86 71 5,3,6,2,1,4,7,9,8 171 0
125 87 106 2,4,7,3,6,1,5,8,9 70 0
126 88 106 1,2,4,5,8,6,3,7,9 71 0
127 88 125 1,5,6,8,2,9,7,4,3 19 0
128 89 112 2,7,3,5,4,1,6,9,8 7 0
129 89 125 4,5,1,6,7,2,3,8,9 46 0
130 90 125 1,3,4,6,2,9,8,7,5 41 0
131 91 125 3,6,7,8,4,5,1,2,9 41 0
132 92 103 2,3,1,8,4,5,6,7,9 1 0
133 93 125 1,2,4,3,7,6,5,8,9 47 0
134 94 114 1,2,3,6,4,7,5,8,9 7 0
135 95 110 1,2,3,5,4,6,9,7,8 7 0
136 96 78 3,6,1,7,5,2,4,9,8 73 0
137 97 106 7,5,1,4,2,6,3,9,8 127 0
138 98 69 1,2,6,3,5,4,7,8,9 35 0
139 99 47 4,2,3,5,1,9,6,7,8 7 0
140 100 113 2,1,7,4,6,3,5,9,8 39 0
141 101 93 1,2,3,4,9,5,6,8,7 4 0
142 102 33 1,2,3,8,4,5,6,7,9 4 0
143 103 60 1,2,3,4,5,6,8,9,7 0 0
144 104 118 1,4,7,2,3,5,6,9,8 200 0
145 105 116 2,1,3,4,5,6,7,8,9 3 0
146 106 124 2,1,5,7,3,4,6,8,9 3 0
147 107 102 7,2,3,6,9,5,1,4,8 86 0
148 108 119 1,3,5,7,4,6,2,9,8 12 0
149 108 123 1,4,5,2,3,7,8,6,9 127 0
150 109 113 3,5,1,2,7,8,6,4,9 87 0
151 110 115 4,1,2,6,5,7,3,8,9 4 0
152 110 121 5,1,2,3,6,4,7,8,9 109 0
153 111 8 3,5,4,7,1,2,9,6,8 144 0
154 112 97 1,6,2,3,4,8,5,9,7 81 0
155 113 104 1,2,3,7,8,4,5,6,9 3 0
156 114 114 1,2,4,3,6,5,8,9,7 89 0
157 115 68 1,2,4,5,3,7,8,6,9 135 0
158 116 83 1,2,8,4,6,5,7,3,9 32 0
159 117 8 1,5,8,9,2,4,7,3,6 114 0
160 118 107 5,3,4,6,1,7,2,8,9 0 0
161 119 92 4,5,6,1,2,7,3,8,9 63 0
162 120 53 1,3,2,4,9,6,8,7,5 7 0
163 125 15 1,4,5,3,2,9,7,6,8 25 0
164 126 38 5,1,7,6,3,2,4,8,9 137 0
165 127 62 1,3,4,9,2,7,6,8,5 0 0
166 128 121 5,2,4,7,6,3,1,9,8 123 0
167 129 7 5,2,6,1,9,8,3,4,7 16 0
168 130 79 1,5,2,7,6,3,4,9,8 30 0
169 131 100 1,3,2,5,8,4,7,6,9 2 0
170 132 7 2,3,1,5,7,8,6,4,9 1 0
171 133 55 3,5,6,1,2,4,8,7,9 204 0
172 133 114 1,6,5,2,3,4,8,7,9 200 0
173 134 104 2,5,1,6,3,4,7,9,8 95 0
174 135 40 1,2,7,4,9,6,3,5,8 231 0
175 136 24 1,2,8,9,6,4,5,7,3 96 0
176 137 8 1,2,8,5,7,9,4,6,3 177 0
177 121 23 1,3,5,2,8,9,4,7,6 23 0
178 122 124 1,2,3,5,4,6,9,8,7 7 0
179 123 119 2,4,3,1,6,5,7,9,8 3 0
180 124 57 2,3,1,4,9,5,6,8,7 2 0
181 138 114 1,6,3,4,5,2,7,8,9 8 0
182 139 12 1,2,3,6,4,7,5,9,8 7 0
183 140 124 1,2,5,6,3,4,7,8,9 0 0
184 141 69 1,6,7,2,5,3,4,9,8 232 0
185 148 16 3,2,6,5,4,1,8,7,9 15 0
186 149 12 3,2,9,1,8,5,7,4,6 169 0
187 149 21 4,1,6,5,8,3,7,2,9 142 0
188 150 18 1,6,5,2,8,3,7,9,4 94 0
189 150 28 2,5,8,6,4,1,3,7,9 146 0
190 151 40 1,6,7,2,4,5,3,9,8 71 0
191 151 79 2,1,6,3,7,5,8,4,9 39 0
192 152 22 1,3,2,4,5,6,7,8,9 6 0
193 153 4 1,7,6,2,9,8,3,5,4 9 0
194 154 19 4,6,2,1,3,5,7,9,8 148 0
195 155 28 2,5,3,1,8,6,7,9,4 0 0
196 156 28 3,5,2,4,1,9,8,6,7 210 0
197 157 22 3,2,6,8,1,4,5,9,7 18 0
198 144 48 1,2,3,9,5,6,7,4,8 6 0
199 144 101 7,1,2,9,4,8,6,3,5 228 0
200 145 116 1,2,5,6,3,4,7,8,9 51 0
201 146 7 7,2,5,8,1,3,6,4,9 214 0
202 142 94 1,6,2,4,3,5,7,8,9 38 0
203 143 68 1,2,3,6,4,8,7,5,9 4 0
204 147 111 2,3,5,6,1,4,7,9,8 6 0
205 158 101 3,2,4,1,5,6,7,8,9 9 0
206 159 49 3,2,5,1,4,6,7,8,9 22 0
207 160 97 3,1,4,6,5,8,2,9,7 1 0
208 161 99 7,4,1,2,3,5,6,8,9 0 0
209 164 28 3,1,4,2,7,6,8,5,9 9 0
210 165 76 4,2,3,1,5,6,7,9,8 9 0
211 166 50 2,5,1,7,6,3,4,9,8 29 0
212 167 15 6,2,8,4,1,9,5,7,3 148 0
213 168 88 1,2,4,3,5,6,8,7,9 12 0
214 169 65 1,3,2,4,6,5,9,7,8 3 0
215 170 8 5,1,3,4,7,8,2,6,9 152 0
216 171 54 1,2,4,3,5,7,8,6,9 12 0
217 171 65 4,3,1,5,2,6,9,7,8 1 0
218 172 1 7,8,4,1,6,2,5,3,9 219 0
219 173 44 1,2,3,6,7,4,5,8,9 2 0
220 163 66 8,6,3,2,1,5,7,4,9 176 0
221 174 93 2,1,5,6,4,3,7,8,9 16 0
222 175 64 1,3,4,2,5,6,8,7,9 211 0
223 176 36 1,5,6,7,3,4,2,8,9 61 0
224 162 69 1,3,4,2,9,5,8,6,7 13 0
225 178 121 1,2,3,4,5,6,7,8,9 0 0
226 179 40 2,6,3,7,4,1,5,9,8 239 0
227 177 41 1,7,3,9,4,6,2,5,8 218 0
228 180 106 2,1,3,9,8,4,5,6,7 6 0
229 181 107 1,6,2,7,4,5,3,8,9 5 0
230 182 29 1,2,5,3,9,4,7,6,8 252 0
231 183 9 4,2,1,3,7,9,5,6,8 12 0
232 184 12 3,2,9,1,5,8,6,7,4 214 0
233 185 25 3,1,4,8,5,2,7,6,9 191 0
234 186 25 1,5,3,8,9,4,2,6,7 135 0
235 187 24 3,1,2,5,6,7,8,9,4 5 0
236 188 3 1,3,2,6,7,8,4,5,9 1 0
237 189 5 1,2,5,3,7,8,9,6,4 67 0
238 190 96 1,2,3,4,6,5,7,9,8 0 0
239 191 95 1,5,2,4,3,6,7,8,9 13 0
240 192 20 4,2,7,3,1,5,8,9,6 28 0
241 193 51 1,2,7,3,4,9,5,6,8 67 0
242 194 69 1,2,3,4,6,5,7,8,9 3 0
243 194 117 3,1,2,4,5,6,8,9,7 3 0
244 195 42 2,1,3,6,9,5,7,4,8 0 0
245 196 19 6,1,3,2,8,4,5,7,9 36 0
246 197 31 1,2,3,5,7,8,4,9,6 3 0
247 198 29 2,4,1,7,3,8,6,5,9 13 0
248 199 68 1,2,5,3,7,4,9,6,8 108 0
249 200 124 1,2,3,4,7,5,6,9,8 3 0
250 201 52 2,7,4,3,6,5,1,8,9 13 0
251 202 109 1,5,6,2,3,4,7,8,9 48 0
252 203 88 1,2,4,3,5,9,7,6,8 12 0
253 204 75 4,6,1,7,8,2,3,5,9 76 0
254 205 120 3,4,2,1,5,6,8,7,9 35 0
255 206 67 2,1,5,4,3,9,7,6,8 28 0
256 207 104 5,1,3,4,7,2,6,9,8 18 0
257 208 106 2,3,4,5,1,6,8,7,9 30 0
258 216 75 1,2,6,8,4,7,3,5,9 172 0
259 217 17 6,2,5,3,1,8,4,9,7 36 0
260 218 64 2,3,6,9,1,5,7,4,8 22 0
261 219 57 6,2,5,3,9,7,8,1,4 191 0
262 220 40 1,4,6,2,7,3,9,5,8 38 0
263 211 53 1,3,2,4,5,6,7,8,9 6 0
264 212 34 1,4,7,6,5,2,3,8,9 32 0
265 213 85 4,1,6,3,2,7,5,8,9 143 0
266 214 95 4,1,2,6,3,5,7,8,9 7 0
267 215 14 1,3,2,6,5,7,4,8,9 6 0
268 209 41 3,1,5,2,6,4,8,7,9 23 0
269 210 76 2,1,4,3,5,8,6,7,9 79 0
270 221 95 2,6,3,1,4,5,8,7,9 3 0
271 222 119 1,3,7,4,5,2,6,8,9 195 0
272 223 100 1,2,3,8,7,6,4,5,9 1 0
273 224 53 1,2,4,3,5,6,7,9,8 12 0
274 225 122 1,2,4,3,5,9,6,8,7 12 0
275 226 33 2,1,3,4,5,6,7,9,8 3 0
276 227 59 1,3,5,6,2,4,7,9,8 249 0
277 229 67 1,7,4,3,6,2,5,8,9 13 0
278 228 34 1,7,2,3,4,6,8,9,5 33 0
279 230 11 1,2,3,4,5,9,6,7,8 0 0
280 231 38 2,3,1,7,4,6,5,9,8 1 0
281 232 88 1,2,8,7,3,4,9,5,6 51 0
282 233 0 1,2,3,4,5,6,8,9,7 15 0
283 234 16 1,4,2,3,5,6,7,9,8 6 0
284 235 37 2,3,6,7,1,5,8,4,9 251 0
285 236 58 2,1,3,5,7,6,4,8,9 6 0
286 237 42 1,2,6,7,3,9,4,5,8 4 0
287 238 64 1,2,3,6,9,4,7,5,8 6 0
288 239 89 1,4,2,3,6,7,5,8,9 6 0
289 240 73 1,2,4,5,7,8,3,9,6 243 0
290 241 6 3,7,5,2,1,4,8,9,6 123 0
291 242 95 4,3,1,5,2,7,8,6,9 225 0
292 243 121 2,1,3,5,4,7,9,6,8 4 0
293 244 114 4,1,5,3,2,8,7,6,9 48 0
294 245 96 2,3,1,5,4,7,6,8,9 1 0
295 246 14 3,1,7,2,5,6,4,9,8 226 0
296 247 85 3,2,1,4,6,5,8,9,7 3 0
297 248 114 2,6,8,4,5,7,3,1,9 161 0
298 249 75 1,2,6,7,3,4,5,8,9 12 0
299 250 49 1,7,3,5,4,2,9,6,8 70 0
300 251 107 2,1,3,7,4,5,6,8,9 5 0
301 252 64 1,2,3,4,5,6,7,8,9 0 0
302 253 63 3,1,4,7,2,6,5,9,8 201 0
303 258 55 1,2,5,3,4,7,8,6,9 12 0
304 259 71 1,5,2,7,3,8,6,4,9 17 0
305 260 30 1,2,3,8,4,6,7,9,5 4 0
306 261 9 8,2,1,9,3,4,5,6,7 3 0
307 254 95 3,4,1,2,5,6,7,8,9 32 0
308 255 32 1,2,3,5,6,7,8,4,9 1 0
309 256 119 2,6,1,4,3,5,8,9,7 14 0
310 257 102 1,2,8,4,3,5,6,7,9 255 0
311 263 78 1,2,3,4,6,5,7,8,9 0 0
312 264 113 2,3,1,6,4,7,5,8,9 1 0
313 265 84 2,7,3,4,5,1,8,6,9 11 0
314 266 99 1,5,6,2,7,3,4,9,8 57 0
315 267 27 2,3,8,4,5,1,6,7,9 125 0
316 262 116 1,6,2,7,8,3,9,5,4 94 0
317 268 33 1,4,2,3,5,6,8,7,9 6 0
318 269 42 1,2,3,4,5,6,7,8,9 0 0
319 270 61 2,3,4,5,1,7,6,8,9 1 0
320 271 110 1,2,6,3,5,7,4,9,8 164 0
321 272 31 1,5,6,8,7,3,4,2,9 129 0
322 273 79 5,1,2,3,6,4,8,7,9 97 0
323 274 51 1,3,4,9,2,6,5,7,8 0 0
324 275 27 2,6,5,7,3,1,4,9,8 34 0
325 276 92 1,2,3,5,7,4,6,8,9 7 0
326 277 106 2,3,4,6,1,7,5,8,9 109 0
327 278 86 1,3,2,6,4,7,8,5,9 2 0
328 279 34 1,2,3,5,4,8,6,7,9 7 0
329 280 36 3,2,1,7,4,6,8,5,9 0 0
330 281 60 2,1,6,3,4,5,7,9,8 36 0
331 282 4 1,4,3,2,6,8,9,5,7 0 0
332 283 52 5,2,3,6,1,9,4,8,7 0 0
333 284 52 1,2,3,7,5,6,8,9,4 0 0
334 285 40 2,1,3,4,6,7,9,5,8 3 0
335 286 25 2,3,1,5,9,6,4,8,7 1 0
336 287 79 1,2,5,3,6,4,8,9,7 98 0
337 288 72 1,2,4,5,3,7,8,6,9 7 0
338 289 96 2,1,4,3,5,6,8,7,9 48 0
339 290 77 5,1,2,3,4,6,9,7,8 48 0
340 295 85 1,3,2,8,4,6,9,5,7 0 0
341 296 116 1,3,2,4,7,5,6,9,8 7 0
342 297 107 1,6,7,3,2,4,5,9,8 7 0
343 291 94 3,2,1,5,8,4,6,7,9 4 0
344 292 102 1,3,2,7,4,5,6,9,8 3 0
345 293 101 2,1,5,3,4,9,7,6,8 143 0
346 294 101 5,4,1,2,3,7,8,6,9 0 0
347 298 97 1,7,3,2,4,5,6,8,9 7 0
348 299 65 3,1,4,5,2,8,6,7,9 59 0
349 300 79 1,2,7,4,3,5,6,8,9 6 0
350 301 27 2,4,3,1,5,9,6,7,8 227 0
351 302 118 5,1,3,6,2,4,9,8,7 242 0
352 306 95 1,3,5,4,8,6,2,7,9 253 0
353 307 112 3,4,1,2,5,7,6,8,9 32 0
354 308 33 8,1,2,3,4,9,5,6,7 134 0
355 303 75 1,2,6,7,4,8,3,5,9 100 0
356 304 103 2,1,4,3,6,5,7,8,9 101 0
357 305 50 1,2,8,3,6,7,9,4,5 192 0
358 311 97 2,1,6,3,4,7,5,8,9 240 0
359 312 108 1,3,6,4,5,2,7,8,9 0 0
360 313 98 1,5,4,3,8,6,2,7,9 65 0
361 314 75 6,2,4,8,7,5,9,1,3 101 0
362 315 17 5,6,2,1,9,3,7,8,4 2 0
363 309 120 1,2,3,5,4,6,8,9,7 7 0
364 310 110 1,2,3,4,5,6,7,8,9 0 0
365 316 1 1,3,2,4,5,6,9,8,7 17 0
366 317 34 1,5,3,4,2,6,7,8,9 13 0
367 318 88 1,2,4,3,7,8,5,6,9 140 0
368 319 64 5,6,4,8,1,2,7,3,9 216 0
369 320 103 1,7,4,2,6,5,3,9,8 255 0
370 321 98 1,2,3,6,8,7,4,5,9 7 0
371 323 107 4,7,1,6,3,2,5,8,9 120 0
372 324 100 2,5,4,3,1,6,8,9,7 161 0
373 322 91 3,2,1,4,5,6,7,8,9 0 0
374 326 62 1,2,3,4,5,6,7,9,8 0 0
375 327 106 1,2,8,3,5,4,6,7,9 126 0
376 325 111 2,1,4,6,3,7,5,8,9 132 0
377 328 32 1,2,3,6,5,4,7,8,9 4 0
378 329 34 4,2,1,8,7,3,6,5,9 5 0
379 330 60 3,1,2,4,5,7,8,6,9 3 0
380 332 66 1,4,3,2,5,7,9,6,8 160 0
381 333 57 1,2,3,4,5,7,6,8,9 0 0
382 334 69 1,2,4,3,5,6,7,8,9 12 0
383 335 23 2,1,5,4,3,6,7,9,8 252 0
384 336 57 2,1,3,4,5,6,7,9,8 3 0
385 337 117 2,3,4,1,5,7,6,8,9 111 0
386 338 29 3,1,2,5,8,4,6,7,9 6 0
387 331 15 1,4,5,2,9,3,7,8,6 119 0
388 339 63 3,5,1,2,4,6,9,8,7 39 0
389 340 30 2,1,8,9,5,6,3,4,7 5 0
390 341 95 1,3,2,6,5,9,8,7,4 6 0
391 342 118 7,4,1,2,3,6,5,8,9 183 0
392 343 19 3,4,6,1,2,9,8,5,7 5 0
393 344 27 1,4,2,5,8,6,3,9,7 13 0
394 345 77 1,2,3,5,6,8,4,7,9 7 0
395 346 114 9,1,6,2,4,3,5,8,7 114 0
396 347 83 3,2,1,5,4,7,6,9,8 7 0
397 348 84 2,3,4,9,8,1,6,5,7 3 0
398 349 73 2,1,4,3,5,7,9,8,6 240 0
399 350 102 4,2,5,1,6,7,3,8,9 27 0
400 351 121 1,2,3,4,5,6,7,8,9 0 0
401 352 106 4,5,6,1,7,2,8,3,9 76 0
402 353 125 9,1,2,3,4,5,6,8,7 223 0
403 354 30 2,5,1,3,8,7,4,6,9 13 0
404 355 55 1,2,4,5,3,8,9,6,7 7 0
405 356 123 4,2,5,1,7,9,3,6,8 28 0
406 357 8 1,7,4,5,3,6,9,8,2 63 0
407 360 59 1,2,4,5,6,7,3,9,8 167 0
408 361 28 2,8,5,1,3,9,4,7,6 254 0
409 362 10 2,3,1,6,5,4,7,8,9 3 0
410 363 91 9,4,5,1,3,2,6,8,7 64 0
411 364 95 2,1,4,3,5,7,8,6,9 239 0
412 358 119 2,1,5,8,7,3,6,4,9 239 0
413 359 113 1,2,3,6,4,5,7,8,9 6 0
414 365 70 3,1,2,5,4,7,8,6,9 251 0
415 366 38 1,2,4,3,5,6,9,8,7 12 0
416 369 116 1,3,4,2,5,6,7,9,8 76 0
417 367 64 1,2,4,8,3,5,7,6,9 39 0
418 368 77 2,8,7,1,3,6,5,4,9 254 0
419 370 87 1,2,3,8,7,5,4,6,9 0 0
420 372 55 2,3,1,5,6,9,4,7,8 1 0
421 371 125 9,1,5,3,2,6,8,7,4 24 0
422 374 74 4,5,6,3,2,7,1,8,9 8 0
423 375 83 1,2,3,6,4,5,8,7,9 5 0
424 376 82 2,1,4,5,7,6,3,8,9 44 0
425 373 97 1,2,3,5,7,4,8,6,9 6 0
426 378 44 3,1,8,4,2,6,9,7,5 32 0
427 379 77 1,2,3,4,8,7,6,5,9 0 0
428 377 63 5,1,7,2,3,4,6,8,9 97 0
429 380 5 7,2,3,1,4,9,8,5,6 118 0
430 381 30 1,2,5,8,6,4,7,3,9 147 0
431 382 80 3,1,2,4,6,5,7,8,9 1 0
432 383 62 3,2,6,7,9,1,4,8,5 6 0
433 384 97 1,2,5,3,7,4,8,6,9 146 0
434 385 77 4,2,3,5,1,6,7,8,9 7 0
435 386 89 1,4,3,2,9,5,6,7,8 0 0
436 387 13 1,2,8,4,3,5,7,6,9 16 0
437 389 52 3,2,4,7,1,5,9,6,8 39 0
438 390 34 1,2,3,4,5,9,8,7,6 0 0
439 391 120 3,4,5,6,1,7,2,9,8 224 0
440 392 6 3,5,1,7,4,2,9,6,8 152 0
441 393 10 2,1,4,3,5,9,7,6,8 15 0
442 396 21 1,4,2,3,6,7,5,8,9 16 0
443 397 14 2,6,1,4,7,3,8,5,9 0 0
444 394 57 1,4,3,6,5,2,9,7,8 5 0
445 395 14 4,2,7,6,3,5,9,8,1 195 0
446 398 33 1,2,4,3,9,5,6,8,7 77 0
447 399 115 3,1,6,2,8,4,7,5,9 96 0
448 400 90 7,3,5,9,8,6,4,1,2 205 0
449 388 93 2,3,7,9,1,5,6,4,8 7 0
450 401 96 9,2,3,6,8,1,7,4,5 137 0
451 404 61 2,1,7,6,3,5,4,8,9 144 0
452 405 19 1,6,8,3,4,9,2,5,7 232 0
453 406 52 1,8,4,2,3,6,5,9,7 119 0
454 407 42 1,2,6,4,7,8,3,9,5 175 0
455 408 87 1,2,3,5,6,4,7,8,9 7 0
456 409 73 2,5,1,3,4,6,7,9,8 30 0
457 403 31 1,9,4,5,6,7,8,2,3 57 0
458 412 118 1,2,3,4,5,6,7,8,9 0 0
459 411 92 9,1,2,4,5,8,6,3,7 18 0
460 414 35 3,1,2,5,4,8,6,9,7 132 0
461 415 62 5,1,2,6,3,4,7,9,8 3 0
462 417 94 1,2,3,4,8,5,7,6,9 0 0
463 416 89 4,2,1,5,6,3,9,7,8 71 0
464 418 118 1,5,6,4,3,7,2,8,9 77 0
465 419 48 2,1,5,3,7,6,4,8,9 97 0
466 420 34 4,1,3,2,5,8,6,7,9 9 0
467 422 109 1,5,3,2,7,4,6,8,9 253 0
468 423 74 1,5,3,2,6,4,8,7,9 13 0
469 424 107 9,1,2,4,5,7,6,3,8 18 0
470 425 104 3,4,1,2,6,8,5,7,9 1 0
471 431 114 1,2,8,3,4,6,7,5,9 135 0
472 432 10 7,6,2,1,3,4,5,8,9 28 0
473 433 104 3,4,1,2,8,6,5,7,9 64 0
474 434 82 9,1,2,5,4,3,6,8,7 141 0
475 435 53 1,2,4,3,7,5,6,9,8 184 0
476 427 86 3,2,1,4,7,8,9,5,6 6 0
477 426 60 4,1,3,8,2,5,6,9,7 251 0
478 428 91 2,4,8,3,5,1,6,7,9 92 0
479 429 16 1,3,5,2,6,4,9,7,8 153 0
480 430 14 1,2,3,8,9,4,5,6,7 0 0
481 436 21 1,2,4,6,8,5,3,9,7 132 0
482 442 44 1,4,2,3,6,7,5,8,9 6 0
483 443 78 1,2,6,3,7,4,5,9,8 67 0
484 444 27 1,5,4,3,2,9,6,7,8 161 0
485 437 87 9,1,3,2,6,8,5,7,4 105 0
486 438 122 8,2,5,1,3,7,4,9,6 169 0
487 439 114 1,4,5,8,3,9,2,7,6 103 0
488 446 76 1,4,3,2,5,6,9,7,8 127 0
489 447 124 1,3,2,4,8,5,7,6,9 6 0
490 440 8 1,5,3,7,8,4,9,2,6 248 0
491 441 44 1,2,3,4,5,8,6,9,7 0 0
492 445 5 9,3,4,2,5,8,7,1,6 152 0
493 449 69 5,6,8,7,3,4,2,1,9 243 0
494 452 10 1,2,3,4,5,6,7,8,9 0 0
495 453 23 7,3,5,4,6,9,1,8,2 91 0
496 455 105 1,3,2,5,6,7,8,4,9 1 0
497 456 77 5,1,4,2,3,6,8,7,9 118 0
498 457 54 1,5,4,8,3,6,2,9,7 57 0
499 457 57 1,4,2,8,9,3,5,7,6 13 0
500 458 109 9,1,2,6,3,8,4,7,5 6 0
501 462 59 1,4,2,7,3,9,5,6,8 114 0
502 461 92 1,4,6,3,5,2,8,7,9 44 0
503 463 21 3,1,4,5,2,6,9,8,7 251 0
504 464 120 3,2,4,6,1,9,5,8,7 120 0
505 465 62 2,1,4,3,5,7,9,6,8 48 0
506 466 100 2,5,3,4,1,7,6,8,9 13 0
507 467 113 9,1,2,3,6,8,4,7,5 248 0
508 468 88 9,1,4,3,5,2,6,8,7 208 0
509 470 99 9,1,3,2,4,8,5,7,6 205 0
510 471 92 9,1,6,8,4,2,5,3,7 3 0
511 472 107 2,6,1,3,4,5,7,9,8 46 0
512 473 103 9,1,4,3,2,5,7,8,6 111 0
513 475 65 1,2,4,5,3,8,9,6,7 152 0
514 476 69 3,1,2,4,5,9,6,7,8 3 0
515 478 106 2,5,4,1,6,7,3,8,9 51 0
516 479 30 2,3,4,6,1,5,7,8,9 214 0
517 480 8 1,3,2,6,7,4,5,8,9 6 0
518 481 19 2,6,1,3,8,4,7,9,5 90 0
519 482 63 2,1,5,3,4,7,8,6,9 80 0
520 483 46 6,5,9,3,1,7,2,8,4 182 0
521 484 120 1,2,6,3,4,8,5,9,7 34 0
522 488 104 1,2,3,4,9,6,7,8,5 7 0
523 490 70 8,1,5,6,4,2,7,9,3 73 0
524 491 123 1,2,4,3,5,9,7,6,8 12 0
525 493 59 5,6,1,2,3,4,9,8,7 56 0
526 492 38 7,4,8,5,2,1,6,3,9 76 0
527 494 81 6,2,5,3,1,8,7,9,4 30 0
528 496 94 9,1,3,5,6,2,4,7,8 99 0
529 498 99 8,1,3,2,4,5,7,6,9 128 0
530 499 58 5,1,3,2,6,9,4,8,7 89 0
531 501 66 2,3,7,1,9,6,4,5,8 199 0
532 502 114 7,8,9,4,5,1,6,3,2 6 0
533 503 65 9,1,2,4,5,3,6,7,8 5 0
534 504 125 8,1,5,3,2,4,7,6,9 137 0
535 505 97 7,1,2,4,3,5,8,6,9 37 0
536 506 118 7,1,3,4,2,6,5,9,8 217 0
537 511 125 7,1,5,9,8,4,3,2,6 80 0
538 513 111 1,2,3,5,8,9,7,4,6 3 0
539 515 105 8,1,2,3,5,4,7,6,9 57 0
540 516 35 8,2,5,4,7,6,9,1,3 146 0
541 517 78 1,2,3,5,4,6,7,8,9 7 0
542 518 34 1,8,9,5,2,6,7,3,4 225 0
543 519 69 7,1,5,2,6,3,4,8,9 237 0
544 521 120 1,2,6,9,5,4,8,3,7 3 0
545 522 63 7,1,2,9,4,3,6,5,8 7 0
546 525 114 7,8,9,5,2,4,1,3,6 94 0
