0 root
1 0 0 2,3,6,7,8,1,5,4 26 0
2 1 12 4,8,7,3,6,1,2,5 15 0
3 1 14 2,4,7,6,1,8,3,5 114 0
4 1 24 1,2,3,4,5,6,8,7 0 0
5 1 25 4,2,8,5,1,6,7,3 7 0
6 2 0 1,2,3,4,6,5,8,7 15 0
7 2 18 1,4,2,5,8,3,7,6 4 0
8 2 33 2,1,8,7,3,4,5,6 13 0
9 2 61 4,3,6,5,1,2,7,8 67 0
10 3 3 2,1,6,8,4,5,3,7 35 0
11 3 51 5,7,4,3,1,6,8,2 115 0
12 4 19 3,1,8,6,7,2,5,4 64 0
13 5 4 1,8,3,6,4,7,2,5 65 0
14 5 33 1,2,5,4,7,3,8,6 0 0
15 5 52 4,7,2,3,6,1,5,8 15 0
16 6 18 1,4,5,2,8,3,6,7 118 0
17 6 34 1,2,7,8,4,3,5,6 1 0
18 6 62 3,4,6,5,2,1,7,8 67 0
19 7 9 1,5,4,8,6,3,7,2 71 0
20 7 22 2,4,1,6,8,5,3,7 49 0
21 7 26 2,4,6,1,3,8,5,7 16 0
22 7 63 2,4,1,6,3,5,8,7 49 0
23 8 18 2,5,8,3,6,1,4,7 57 0
24 8 37 2,6,1,5,7,3,8,4 35 0
25 8 61 2,8,1,4,5,3,6,7 57 0
26 8 67 1,2,3,4,8,7,5,6 6 0
27 8 68 5,3,7,8,6,1,2,4 16 0
28 9 54 1,3,7,4,5,2,6,8 36 0
29 9 63 3,5,1,2,4,7,8,6 7 0
30 9 67 3,4,1,2,6,5,7,8 108 0
31 10 8 1,8,3,5,7,4,2,6 63 0
32 10 22 7,5,1,2,6,4,8,3 126 0
33 10 33 1,2,4,6,7,3,5,8 56 0
34 10 48 3,4,5,1,7,2,8,6 39 0
35 10 52 4,2,7,3,1,5,6,8 69 0
36 11 33 2,1,5,4,7,3,8,6 3 0
37 11 51 1,7,4,3,6,5,2,8 12 0
38 11 55 3,4,2,6,1,7,5,8 50 0
39 12 8 1,8,5,4,3,7,6,2 72 0
40 12 34 1,2,6,3,7,4,8,5 51 0
41 12 37 3,1,5,6,2,4,7,8 54 0
42 12 52 3,2,7,4,5,1,6,8 126 0
43 12 61 1,2,3,4,7,5,8,6 5 0
44 13 24 1,2,7,3,5,6,8,4 68 0
45 13 56 5,1,3,6,4,2,7,8 22 0
46 13 69 3,6,2,1,5,4,8,7 7 0
47 14 52 1,2,6,7,4,3,5,8 1 0
48 14 57 4,2,5,1,6,3,7,8 43 0
49 15 33 7,8,2,3,5,6,4,1 97 0
50 16 9 1,4,7,3,2,6,8,5 109 0
51 16 29 2,1,8,5,4,6,3,7 59 0
52 16 33 1,4,2,5,3,6,8,7 50 0
53 16 44 2,3,1,6,5,4,7,8 6 0
54 16 48 2,6,3,5,1,4,8,7 37 0
55 16 57 1,4,2,5,3,8,6,7 50 0
56 16 61 2,3,1,6,5,4,7,8 6 0
57 17 18 2,1,5,6,8,3,4,7 50 0
58 17 37 2,6,1,5,7,4,8,3 35 0
59 17 61 2,8,1,5,4,3,6,7 5 0
60 17 67 5,7,8,6,1,4,3,2 8 0
61 17 68 1,2,4,3,8,7,5,6 57 0
62 18 54 1,3,7,4,5,2,6,8 36 0
63 18 63 3,1,2,4,7,5,6,8 0 0
64 18 67 3,4,2,1,5,6,8,7 99 0
65 19 15 4,5,8,3,1,2,7,6 111 0
66 20 9 3,7,1,4,2,6,5,8 45 0
67 20 22 1,3,4,6,2,7,5,8 44 0
68 20 27 1,3,2,8,5,7,6,4 6 0
69 20 43 3,1,4,6,2,7,5,8 41 0
70 20 53 1,2,3,6,8,4,7,5 4 0
71 20 60 1,2,4,3,5,7,6,8 12 0
72 20 69 1,2,3,4,5,6,8,7 0 0
73 21 25 1,4,2,5,3,7,6,8 13 0
74 21 42 2,5,4,3,1,6,7,8 1 0
75 21 47 4,1,2,5,3,7,6,8 4 0
76 21 63 4,5,3,1,2,6,7,8 59 0
77 21 69 3,1,2,5,4,6,7,8 4 0
78 22 52 2,1,3,6,5,8,4,7 6 0
79 22 59 1,3,2,5,4,6,7,8 1 0
80 22 63 3,5,4,1,2,6,8,7 36 0
81 23 17 7,6,4,1,3,8,2,5 41 0
82 23 30 1,5,8,2,6,4,3,7 7 0
83 23 44 2,6,1,3,7,5,4,8 96 0
84 23 47 3,2,1,5,4,6,8,7 7 0
85 23 48 1,7,3,8,4,2,6,5 37 0
86 23 63 2,3,5,8,4,1,7,6 6 0
87 24 24 1,2,4,3,6,8,5,7 12 0
88 24 53 1,6,3,2,5,8,4,7 3 0
89 24 56 1,3,6,5,7,8,4,2 2 0
90 24 62 2,5,4,1,7,6,3,8 36 0
91 24 68 3,4,1,2,5,6,7,8 0 0
92 25 44 3,1,7,5,8,2,6,4 88 0
93 25 59 1,6,2,5,4,7,3,8 47 0
94 25 66 2,1,4,6,5,3,7,8 5 0
95 28 41 1,3,2,4,6,7,5,8 7 0
96 28 54 5,7,1,6,2,3,8,4 55 0
97 28 57 1,3,4,2,5,8,7,6 12 0
98 31 12 1,2,7,8,4,5,6,3 7 0
99 31 30 1,2,7,6,4,8,3,5 4 0
100 31 44 1,2,8,5,4,6,7,3 56 0
101 31 45 4,3,6,2,1,5,7,8 36 0
102 31 56 6,1,3,5,2,4,7,8 4 0
103 31 59 2,5,3,1,7,8,6,4 4 0
104 31 69 1,6,7,3,5,2,8,4 101 0
105 32 23 4,1,5,2,3,6,8,7 22 0
106 32 25 4,3,6,5,8,1,2,7 122 0
107 33 32 1,2,6,4,5,7,8,3 110 0
108 33 37 3,6,5,7,1,4,2,8 125 0
109 33 59 3,2,5,1,6,4,8,7 107 0
110 34 60 1,4,6,2,3,8,5,7 126 0
111 34 67 2,3,1,5,7,6,4,8 1 0
112 35 32 2,8,3,4,6,1,5,7 109 0
113 36 19 4,1,6,7,5,2,3,8 81 0
114 36 52 3,1,8,4,5,6,2,7 5 0
115 36 57 4,5,2,1,3,6,7,8 59 0
116 37 55 2,3,4,5,1,7,6,8 1 0
117 39 2 2,3,6,1,7,5,4,8 35 0
118 39 30 2,1,7,3,5,6,8,4 71 0
119 39 57 2,6,3,4,5,1,7,8 33 0
120 39 69 1,2,8,7,3,5,4,6 59 0
121 40 28 3,5,1,7,4,2,8,6 51 0
122 40 52 2,1,7,4,3,6,5,8 51 0
123 40 57 4,2,5,1,3,6,7,8 41 0
124 40 61 2,1,4,6,3,5,8,7 123 0
125 42 53 2,1,4,3,6,5,8,7 14 0
126 44 17 5,6,2,1,3,7,8,4 60 0
127 44 33 1,2,7,3,4,6,8,5 67 0
128 44 57 2,6,3,5,1,4,7,8 37 0
129 44 64 8,4,1,5,3,7,6,2 96 0
130 44 68 1,2,6,4,3,7,5,8 44 0
131 45 58 5,1,3,4,6,2,7,8 3 0
132 45 67 2,7,6,3,8,5,1,4 35 0
133 45 69 3,4,6,2,1,5,8,7 3 0
134 47 27 1,2,7,8,6,3,5,4 4 0
135 47 49 5,7,2,3,1,4,6,8 6 0
136 48 49 4,1,6,3,2,7,5,8 77 0
137 48 69 1,2,3,4,5,6,7,8 0 0
138 50 11 2,3,1,7,4,8,5,6 2 0
139 50 24 1,2,7,8,6,5,3,4 64 0
140 50 25 6,2,1,5,7,8,3,4 35 0
141 50 56 4,3,1,2,7,8,6,5 63 0
142 50 69 1,2,6,5,4,3,7,8 65 0
143 51 11 4,1,2,3,7,6,8,5 56 0
144 51 24 1,2,6,3,4,8,7,5 51 0
145 51 31 1,2,8,5,3,6,7,4 7 0
146 51 38 1,2,6,3,4,7,8,5 51 0
147 51 56 2,5,1,6,7,8,4,3 17 0
148 51 68 2,5,1,4,3,6,7,8 18 0
149 52 23 1,3,2,6,5,8,4,7 3 0
150 52 25 4,2,1,6,3,5,7,8 5 0
151 52 44 1,5,3,4,2,6,7,8 45 0
152 52 52 1,3,2,5,6,4,8,7 4 0
153 52 58 1,3,5,2,4,6,7,8 44 0
154 52 63 1,4,2,5,3,7,8,6 13 0
155 53 11 7,8,6,5,3,2,1,4 54 0
156 53 50 1,4,2,5,7,8,3,6 13 0
157 53 55 1,3,5,2,6,4,8,7 19 0
158 53 63 2,1,3,4,5,7,8,6 3 0
159 53 69 1,2,5,3,6,8,4,7 44 0
160 54 31 2,6,3,5,1,4,7,8 33 0
161 54 56 4,1,5,2,6,3,7,8 22 0
162 54 64 2,1,3,5,8,6,7,4 0 0
163 55 40 2,4,1,3,8,5,6,7 6 0
164 55 48 1,2,3,7,5,4,8,6 5 0
165 55 69 5,3,4,1,7,6,2,8 15 0
166 56 41 1,2,3,5,6,4,7,8 7 0
167 56 67 3,1,2,6,5,4,7,8 3 0
168 57 31 6,2,7,1,5,8,3,4 111 0
169 57 32 1,4,8,7,3,2,5,6 48 0
170 57 41 5,3,1,4,7,2,8,6 57 0
171 57 54 3,5,4,8,7,6,1,2 56 0
172 57 55 6,2,1,4,5,8,7,3 45 0
173 57 64 2,3,6,5,1,4,7,8 0 0
174 58 24 1,2,4,3,8,6,7,5 12 0
175 58 53 1,6,5,8,4,7,2,3 66 0
176 58 56 1,6,5,7,8,3,4,2 115 0
177 58 62 2,5,4,1,3,8,6,7 59 0
178 58 68 4,1,5,8,2,3,6,7 32 0
179 59 50 1,3,2,4,8,5,7,6 7 0
180 59 62 2,1,5,6,4,3,7,8 48 0
181 59 66 5,1,2,4,7,6,3,8 48 0
182 62 41 1,3,2,7,4,6,8,5 1 0
183 62 54 7,5,4,2,1,3,6,8 39 0
184 62 57 1,4,3,2,7,5,8,6 0 0
185 65 4 2,3,7,6,4,1,8,5 127 0
186 65 7 2,8,5,1,3,7,6,4 66 0
187 65 31 6,7,1,4,2,3,5,8 63 0
188 65 35 4,8,1,7,6,5,3,2 120 0
189 65 53 3,4,6,5,2,1,8,7 51 0
190 65 54 3,5,6,4,7,1,2,8 61 0
191 65 62 1,3,4,2,7,5,8,6 58 0
192 66 9 1,3,2,8,4,5,7,6 0 0
193 66 18 1,2,3,4,6,8,7,5 0 0
194 66 20 2,3,4,5,1,6,8,7 126 0
195 66 34 4,3,5,1,7,2,6,8 48 0
196 66 36 4,3,2,1,5,7,8,6 112 0
197 66 53 3,1,5,2,4,6,7,8 41 0
198 66 64 4,1,2,3,6,5,7,8 15 0
199 66 65 2,1,6,3,8,4,5,7 34 0
200 66 66 2,3,1,4,5,6,7,8 6 0
201 67 10 2,1,7,6,5,3,8,4 31 0
202 67 56 1,3,7,2,5,6,4,8 67 0
203 68 23 1,4,3,2,7,6,5,8 90 0
204 68 34 1,3,4,2,5,7,6,8 83 0
205 68 44 2,1,3,6,4,7,5,8 3 0
206 68 49 1,3,2,5,8,4,6,7 1 0
207 68 57 2,1,6,7,3,8,4,5 25 0
208 69 33 3,2,1,7,5,6,4,8 7 0
209 69 46 2,1,3,5,7,6,4,8 3 0
210 69 58 1,4,6,5,8,2,3,7 9 0
211 69 62 2,5,4,1,3,7,6,8 4 0
212 69 68 1,2,5,4,3,6,7,8 31 0
213 70 33 2,1,3,6,8,4,5,7 7 0
214 71 48 2,3,1,4,5,6,7,8 6 0
215 71 67 3,1,2,4,5,6,8,7 3 0
216 71 69 5,2,1,3,4,6,8,7 76 0
217 72 63 6,4,1,7,2,3,5,8 13 0
218 73 33 1,3,6,5,2,7,8,4 69 0
219 74 44 5,3,1,7,2,4,6,8 13 0
220 74 48 2,3,1,5,7,4,6,8 2 0
221 74 59 1,2,3,4,6,5,7,8 5 0
222 75 54 1,4,5,6,2,8,7,3 70 0
223 75 57 3,2,5,6,1,7,4,8 4 0
224 75 68 1,2,4,5,3,6,7,8 56 0
225 78 53 7,3,4,2,6,1,5,8 67 0
226 78 65 3,2,4,1,5,6,7,8 9 0
227 79 56 1,3,2,6,5,4,7,8 2 0
228 79 69 1,2,3,4,5,6,7,8 0 0
229 81 8 1,2,8,3,4,6,7,5 13 0
230 81 32 4,1,5,3,7,2,6,8 16 0
231 81 51 5,7,4,3,1,8,6,2 14 0
232 81 53 2,1,3,5,4,7,6,8 4 0
233 82 10 1,2,8,3,6,5,7,4 61 0
234 82 24 1,2,7,3,4,6,8,5 67 0
235 82 27 1,2,4,5,8,7,6,3 39 0
236 82 57 2,3,7,6,4,1,8,5 31 0
237 82 61 6,1,5,3,7,8,4,2 44 0
238 82 68 1,3,6,5,4,7,8,2 61 0
239 83 36 1,4,3,5,2,6,7,8 18 0
240 83 50 1,2,5,6,7,3,4,8 51 0
241 83 57 5,2,3,6,4,1,8,7 22 0
242 83 69 7,6,3,5,1,4,2,8 4 0
243 84 33 3,1,8,4,2,6,7,5 34 0
244 84 58 1,2,5,3,4,7,8,6 19 0
245 84 66 2,4,1,7,6,3,5,8 15 0
246 85 12 7,1,5,2,6,8,3,4 80 0
247 85 38 8,4,3,2,1,6,5,7 118 0
248 87 30 4,2,3,7,1,8,5,6 7 0
249 87 34 1,7,6,5,3,4,2,8 30 0
250 87 48 1,5,3,2,4,7,8,6 7 0
251 87 53 1,2,4,7,8,6,3,5 15 0
252 87 66 2,1,5,3,6,4,7,8 16 0
253 88 46 2,1,3,5,6,8,4,7 1 0
254 88 54 4,5,2,1,3,6,7,8 68 0
255 88 66 1,3,4,5,6,2,8,7 12 0
256 89 33 4,2,3,7,1,8,6,5 7 0
257 89 52 1,2,8,6,7,4,5,3 126 0
258 89 54 8,3,4,5,2,7,1,6 67 0
259 90 53 2,1,3,7,4,6,5,8 4 0
260 92 33 3,8,1,2,4,6,5,7 119 0
261 92 48 4,1,2,3,5,6,8,7 15 0
262 92 53 7,4,3,2,6,8,1,5 79 0
263 93 67 3,5,1,2,4,6,7,8 7 0
264 94 55 3,4,6,2,8,1,5,7 0 0
265 95 64 2,1,5,6,8,3,7,4 50 0
266 95 67 1,2,4,3,7,8,6,5 13 0
267 96 32 8,2,6,7,5,4,3,1 35 0
268 96 56 3,1,2,4,5,6,7,8 3 0
269 98 4 2,1,6,3,4,8,7,5 92 0
270 98 16 2,8,1,3,5,6,7,4 2 0
271 98 30 1,3,2,4,5,7,6,8 6 0
272 98 32 1,7,2,3,4,6,5,8 78 0
273 98 54 1,2,4,3,5,6,7,8 12 0
274 98 61 1,2,6,5,7,8,4,3 125 0
275 98 63 1,2,3,7,8,5,4,6 3 0
276 99 6 2,4,1,5,3,6,7,8 13 0
277 99 11 2,8,3,4,1,7,6,5 125 0
278 99 26 8,4,2,1,3,7,6,5 67 0
279 99 34 7,4,5,3,1,2,8,6 60 0
280 99 50 1,2,3,7,5,4,6,8 7 0
281 99 69 4,7,3,1,6,5,8,2 12 0
282 100 5 6,4,2,5,1,8,3,7 49 0
283 100 21 4,2,6,1,7,8,3,5 25 0
284 100 30 1,2,7,6,8,4,5,3 71 0
285 100 56 6,1,3,4,5,2,7,8 34 0
286 100 64 2,8,4,5,3,7,6,1 50 0
287 101 42 2,3,1,6,7,8,5,4 1 0
288 101 58 1,4,6,3,2,5,8,7 19 0
289 101 62 3,2,1,6,5,4,8,7 2 0
290 101 67 3,2,1,6,4,5,8,7 2 0
291 102 58 1,6,3,2,7,8,5,4 0 0
292 102 63 2,7,5,3,6,4,8,1 2 0
293 102 69 1,2,3,7,8,5,4,6 4 0
294 103 32 3,2,7,4,6,5,8,1 73 0
295 103 54 1,5,8,6,4,3,2,7 23 0
296 105 3 1,8,3,2,5,7,4,6 0 0
297 105 18 1,2,3,8,7,4,6,5 5 0
298 105 34 2,4,7,8,1,3,6,5 3 0
299 105 49 1,6,2,5,3,7,8,4 34 0
300 106 34 6,7,1,2,3,4,5,8 17 0
301 109 49 2,3,1,4,7,5,6,8 2 0
302 109 69 1,2,3,4,5,6,7,8 0 0
303 110 54 2,1,3,8,5,6,4,7 1 0
304 111 66 2,5,3,4,1,8,6,7 82 0
305 113 8 1,3,5,6,2,4,7,8 12 0
306 113 23 6,1,5,2,3,7,4,8 28 0
307 113 53 8,1,5,3,2,7,6,4 18 0
308 113 68 1,5,6,2,3,4,7,8 13 0
309 114 56 4,5,2,7,1,3,6,8 100 0
310 115 69 1,3,2,5,4,6,7,8 1 0
311 116 65 2,3,1,5,4,6,7,8 1 0
312 117 0 1,4,5,8,7,3,2,6 15 0
313 117 21 1,5,3,2,4,6,7,8 7 0
314 117 30 1,4,2,5,7,6,3,8 13 0
315 117 53 1,5,3,2,6,4,7,8 7 0
316 117 64 1,2,6,3,4,5,7,8 12 0
317 117 66 1,3,4,5,2,6,7,8 1 0
318 118 17 6,5,1,2,3,7,4,8 15 0
319 118 33 1,2,7,3,4,5,8,6 64 0
320 118 57 2,5,3,6,4,1,7,8 4 0
321 118 64 1,2,3,7,8,6,4,5 7 0
322 118 68 8,1,6,4,3,7,5,2 96 0
323 119 62 4,2,3,5,6,1,7,8 7 0
324 119 67 1,7,6,3,8,4,5,2 39 0
325 119 68 1,7,8,6,4,3,2,5 8 0
326 123 60 1,2,4,3,6,7,5,8 78 0
327 123 69 1,2,3,4,5,6,7,8 0 0
328 124 52 2,3,1,7,4,5,6,8 1 0
329 124 67 1,2,4,3,5,8,7,6 83 0
330 125 64 2,3,6,4,5,1,7,8 89 0
331 126 9 3,1,2,4,7,6,8,5 3 0
332 126 33 3,2,6,5,1,4,7,8 70 0
333 126 53 3,5,4,2,6,1,8,7 120 0
334 126 64 4,1,2,3,6,7,5,8 15 0
335 126 65 1,2,7,4,8,6,3,5 77 0
336 126 66 2,1,7,6,3,4,8,5 13 0
337 127 18 5,1,2,6,3,7,8,4 12 0
338 127 33 1,2,3,4,5,7,6,8 0 0
339 127 63 1,7,3,5,6,4,2,8 62 0
340 127 68 4,8,1,3,5,6,2,7 115 0
341 128 63 1,7,5,3,8,6,2,4 6 0
342 128 68 8,2,6,4,7,3,1,5 103 0
343 131 61 1,3,2,4,5,6,7,8 6 0
344 131 63 7,1,5,3,6,4,8,2 99 0
345 131 68 2,7,3,4,8,6,1,5 3 0
346 135 63 6,2,1,5,3,7,4,8 13 0
347 135 68 1,3,2,5,4,6,7,8 1 0
348 136 67 2,4,5,1,7,3,6,8 51 0
349 137 67 5,1,6,2,7,3,4,8 32 0
350 138 8 2,3,4,5,1,6,7,8 1 0
351 138 12 2,4,5,6,8,7,1,3 57 0
352 138 23 3,1,4,2,6,5,7,8 8 0
353 138 26 7,2,3,4,1,8,6,5 127 0
354 138 37 4,2,5,6,8,7,3,1 51 0
355 138 52 1,2,3,4,5,6,8,7 0 0
356 138 61 2,1,3,5,4,6,8,7 4 0
357 138 63 1,3,7,8,2,5,4,6 51 0
358 138 68 3,1,4,2,7,8,5,6 9 0
359 139 1 2,5,1,6,7,8,4,3 23 0
360 139 6 1,3,2,6,4,5,8,7 5 0
361 139 14 2,1,3,5,6,4,8,7 4 0
362 139 17 2,8,5,1,7,4,6,3 11 0
363 139 38 2,7,1,8,3,5,6,4 69 0
364 139 63 1,3,2,4,6,5,7,8 6 0
365 139 64 1,2,8,7,3,4,5,6 56 0
366 139 65 1,2,8,7,5,6,3,4 59 0
367 140 4 2,1,3,5,6,4,8,7 4 0
368 140 8 2,3,4,1,7,8,6,5 60 0
369 140 12 4,3,6,5,7,8,1,2 62 0
370 140 33 7,1,2,8,3,5,4,6 12 0
371 140 52 1,7,8,2,4,3,5,6 16 0
372 141 4 3,1,4,2,7,8,6,5 58 0
373 141 10 2,1,3,4,5,6,7,8 3 0
374 141 12 1,2,7,8,3,4,5,6 44 0
375 141 69 7,8,3,1,2,4,6,5 63 0
376 143 17 2,1,5,3,4,6,7,8 79 0
377 143 23 1,2,3,4,5,6,8,7 0 0
378 143 38 1,2,6,4,3,5,8,7 1 0
379 143 42 2,1,6,5,4,3,7,8 2 0
380 143 67 2,1,6,3,4,5,8,7 33 0
381 144 13 1,2,4,5,7,3,6,8 115 0
382 144 28 1,2,4,5,8,3,6,7 120 0
383 144 33 1,2,8,3,4,6,5,7 121 0
384 144 54 1,4,5,2,3,6,7,8 0 0
385 144 56 1,6,2,3,4,8,7,5 81 0
386 144 62 4,1,3,2,6,5,7,8 9 0
387 145 20 2,4,1,5,3,8,6,7 18 0
388 145 67 4,2,3,1,6,5,7,8 35 0
389 146 28 2,1,8,3,5,4,6,7 120 0
390 146 33 2,1,8,3,4,6,5,7 122 0
391 146 59 1,2,4,5,8,3,6,7 120 0
392 147 10 3,7,2,8,1,6,4,5 64 0
393 147 34 2,7,1,8,3,6,5,4 64 0
394 147 54 3,8,7,1,5,2,4,6 73 0
395 148 60 5,3,6,1,2,7,8,4 20 0
396 149 14 2,1,4,3,6,5,7,8 15 0
397 149 20 1,2,8,5,6,7,3,4 125 0
398 149 32 2,1,5,6,4,8,3,7 79 0
399 149 37 2,1,4,3,5,8,7,6 15 0
400 149 52 2,1,7,3,5,8,6,4 76 0
401 149 64 1,2,5,3,4,7,6,8 76 0
402 149 65 1,2,5,7,3,4,6,8 92 0
403 149 67 1,2,7,3,8,6,5,4 79 0
404 150 49 4,5,6,2,3,1,7,8 25 0
405 150 56 3,2,4,5,6,1,8,7 88 0
406 150 69 1,5,2,6,4,3,7,8 0 0
407 151 58 2,3,1,6,4,8,7,5 1 0
408 152 33 1,2,3,4,5,7,6,8 0 0
409 152 59 4,6,1,2,3,5,8,7 4 0
410 152 65 2,1,4,5,3,7,6,8 59 0
411 153 20 5,1,4,3,2,7,8,6 48 0
412 153 57 4,5,2,3,1,6,7,8 33 0
413 153 58 1,4,2,5,3,6,7,8 50 0
414 154 22 2,3,5,7,1,6,4,8 6 0
415 155 0 5,6,7,8,2,4,1,3 28 0
416 155 2 6,5,2,8,7,4,1,3 45 0
417 155 25 5,6,2,8,7,3,4,1 29 0
418 155 30 5,6,7,3,1,8,4,2 28 0
419 155 41 8,6,7,2,5,1,3,4 108 0
420 156 10 1,2,4,3,8,7,6,5 15 0
421 156 34 3,2,1,5,7,6,8,4 4 0
422 156 54 3,1,2,4,6,8,7,5 3 0
423 156 65 2,3,8,1,4,7,5,6 124 0
424 157 36 1,3,5,4,8,6,2,7 39 0
425 157 57 1,4,5,2,3,6,8,7 63 0
426 157 63 3,2,7,1,4,5,8,6 69 0
427 157 68 1,4,3,6,8,2,7,5 50 0
428 158 67 2,1,3,5,7,6,4,8 2 0
429 160 63 2,4,1,6,3,5,7,8 101 0
430 160 68 1,2,3,4,5,8,7,6 0 0
431 161 47 2,1,4,5,3,7,6,8 4 0
432 161 56 5,4,2,3,6,1,8,7 89 0
433 161 68 2,6,1,4,7,3,5,8 29 0
434 163 21 1,4,8,3,5,7,6,2 55 0
435 163 30 3,6,4,1,2,5,8,7 4 0
436 163 69 2,4,1,8,3,6,5,7 12 0
437 164 51 2,6,1,5,3,4,8,7 32 0
438 164 55 6,5,8,7,2,1,4,3 76 0
439 164 64 5,4,3,6,1,2,7,8 48 0
440 164 67 3,1,5,2,6,4,8,7 44 0
441 167 65 1,4,3,2,5,6,7,8 32 0
442 168 8 1,2,8,3,6,4,7,5 113 0
443 168 32 5,4,3,1,7,2,6,8 28 0
444 168 51 1,2,5,7,8,6,4,3 2 0
445 168 53 2,1,5,3,7,4,6,8 18 0
446 169 7 1,2,8,3,4,6,7,5 62 0
447 169 18 1,2,5,6,4,3,7,8 63 0
448 169 33 1,2,7,5,6,8,4,3 3 0
449 169 57 2,3,7,4,5,1,8,6 52 0
450 169 64 3,5,1,8,7,6,2,4 18 0
451 169 65 1,4,3,6,7,8,2,5 50 0
452 170 22 2,1,8,3,6,4,5,7 108 0
453 170 33 1,3,4,8,2,6,7,5 0 0
454 170 58 1,2,5,4,3,7,8,6 0 0
455 170 66 2,1,7,3,4,5,6,8 15 0
456 171 64 3,4,2,6,1,5,7,8 114 0
457 172 34 2,1,5,8,6,7,3,4 82 0
458 172 67 2,3,1,6,5,4,7,8 6 0
459 173 54 1,2,3,6,7,5,8,4 7 0
460 173 67 6,4,1,7,2,3,5,8 14 0
461 174 22 1,6,3,2,8,7,4,5 8 0
462 174 33 1,2,8,4,3,5,7,6 80 0
463 174 44 8,3,4,1,2,7,6,5 127 0
464 174 54 1,8,6,3,5,7,4,2 79 0
465 174 62 2,1,6,3,5,4,8,7 47 0
466 175 13 1,3,2,6,4,5,8,7 1 0
467 175 30 7,3,2,1,5,6,4,8 96 0
468 175 48 1,2,3,8,6,4,5,7 0 0
469 176 23 3,7,1,2,5,4,6,8 119 0
470 176 44 8,3,7,1,6,5,2,4 72 0
471 176 54 1,6,8,4,3,2,5,7 81 0
472 177 67 2,1,3,4,5,6,7,8 3 0
473 179 33 1,5,4,2,8,7,3,6 24 0
474 179 38 1,8,4,5,3,2,6,7 122 0
475 179 63 6,1,4,3,7,5,2,8 57 0
476 180 55 3,4,1,8,2,6,7,5 12 0
477 181 63 3,6,2,1,4,5,7,8 3 0
478 182 60 1,5,3,2,8,4,7,6 7 0
479 182 69 2,4,1,5,3,6,7,8 13 0
480 183 41 1,8,4,5,3,2,6,7 122 0
481 183 48 3,1,6,4,5,8,2,7 0 0
482 184 14 2,4,7,3,8,1,6,5 6 0
483 185 10 4,3,7,8,1,2,5,6 55 0
484 185 45 1,2,3,4,5,6,8,7 0 0
485 185 50 3,4,2,1,7,8,5,6 48 0
486 186 2 2,8,1,3,6,4,7,5 69 0
487 186 30 2,6,7,4,3,1,8,5 39 0
488 186 57 2,3,7,5,6,1,8,4 43 0
489 186 69 5,3,4,6,7,8,1,2 56 0
490 187 58 2,1,6,4,5,7,8,3 46 0
491 187 62 3,4,6,2,1,5,7,8 0 0
492 189 64 1,8,2,5,4,3,7,6 94 0
493 190 62 1,4,6,2,3,7,5,8 64 0
494 192 3 2,3,5,1,4,6,7,8 13 0
495 192 21 1,3,2,4,8,5,7,6 4 0
496 192 25 3,2,6,1,4,5,8,7 91 0
497 192 34 1,2,3,4,6,8,7,5 2 0
498 192 49 1,2,7,4,3,5,6,8 77 0
499 192 51 1,3,2,8,5,6,7,4 7 0
500 192 58 2,4,3,1,5,8,6,7 3 0
501 192 60 3,2,4,1,6,8,7,5 11 0
502 192 69 6,5,1,2,4,3,7,8 78 0
503 193 6 1,3,7,6,5,8,4,2 102 0
504 193 30 2,4,3,1,7,6,5,8 109 0
505 193 38 1,2,3,4,7,6,8,5 1 0
506 193 53 1,3,2,5,6,4,8,7 3 0
507 193 56 2,1,3,4,5,6,8,7 3 0
508 193 64 1,3,2,4,5,6,7,8 6 0
509 194 29 1,3,4,6,5,2,8,7 126 0
510 194 50 2,1,3,4,7,6,5,8 3 0
511 194 52 5,2,3,4,8,6,1,7 68 0
512 194 65 4,1,2,3,6,5,7,8 112 0
513 194 69 1,6,2,5,8,4,7,3 83 0
514 195 48 1,2,3,5,6,4,8,7 4 0
515 195 57 4,2,3,6,5,1,8,7 9 0
516 195 64 1,6,3,7,4,2,5,8 34 0
517 195 69 3,1,5,2,6,8,7,4 29 0
518 196 62 2,5,1,4,3,6,8,7 50 0
519 196 68 2,1,3,4,5,6,8,7 3 0
520 197 63 6,3,1,2,5,4,7,8 31 0
521 197 66 4,2,6,3,1,5,7,8 48 0
522 197 68 3,1,2,6,4,8,5,7 7 0
523 198 26 1,7,4,3,6,2,8,5 118 0
524 198 62 5,3,8,2,1,7,6,4 22 0
525 198 63 2,4,1,3,6,5,7,8 6 0
526 200 56 1,3,4,8,6,7,2,5 5 0
527 201 27 1,3,2,6,4,5,7,8 3 0
528 202 60 1,6,4,7,5,3,8,2 5 0
529 203 34 1,3,4,2,5,7,6,8 83 0
530 203 44 1,2,4,5,6,3,8,7 27 0
531 203 49 1,3,2,8,7,4,6,5 2 0
532 203 57 1,2,4,5,3,6,7,8 24 0
533 204 41 4,1,2,6,3,7,5,8 56 0
534 204 49 2,1,4,6,7,3,5,8 56 0
535 204 60 5,1,4,8,3,2,7,6 32 0
536 205 21 2,3,1,6,5,7,4,8 7 0
537 205 42 2,1,3,7,4,5,8,6 4 0
538 205 46 1,4,2,6,8,3,5,7 81 0
539 205 60 2,1,4,7,3,8,5,6 91 0
540 206 26 1,2,4,5,3,7,8,6 120 0
541 206 41 1,5,3,2,7,4,8,6 120 0
542 206 69 1,2,6,3,4,5,7,8 115 0
543 208 43 1,2,7,3,4,5,8,6 67 0
544 208 46 1,2,4,5,6,3,8,7 89 0
545 208 60 1,4,3,7,6,5,2,8 83 0
546 208 68 2,3,1,5,6,4,7,8 1 0
547 209 42 4,1,3,5,7,2,8,6 68 0
548 209 45 2,4,6,3,1,5,7,8 105 0
549 209 69 2,1,5,8,3,4,6,7 76 0
550 212 64 1,2,3,4,5,6,7,8 0 0
551 213 57 1,3,4,2,5,8,6,7 12 0
552 213 68 1,3,4,2,7,5,8,6 12 0
553 214 38 3,1,2,4,7,5,6,8 2 0
554 214 66 1,2,5,4,3,6,7,8 95 0
555 219 67 2,5,4,1,3,6,8,7 36 0
556 220 51 1,2,3,7,6,5,4,8 3 0
557 220 60 3,1,4,6,2,5,7,8 1 0
558 222 69 1,2,7,8,4,3,6,5 5 0
559 223 68 2,1,3,5,4,6,7,8 4 0
560 224 68 1,4,3,2,5,6,7,8 127 0
561 225 32 4,8,6,3,2,7,5,1 7 0
562 225 51 2,4,3,1,7,5,6,8 3 0
563 226 49 2,4,1,3,5,7,6,8 6 0
564 226 64 1,2,5,4,3,7,6,8 64 0
565 226 67 1,2,4,5,3,6,7,8 7 0
566 227 64 1,2,3,5,6,4,7,8 5 0
567 227 67 1,3,2,6,5,4,7,8 4 0
568 229 34 1,2,4,5,7,3,6,8 24 0
569 229 43 1,5,4,6,8,2,3,7 25 0
570 229 46 1,3,8,7,2,6,4,5 37 0
571 229 50 1,2,8,3,7,5,4,6 103 0
572 229 66 1,8,3,5,4,7,2,6 0 0
573 230 32 4,3,5,6,1,2,7,8 60 0
574 230 57 1,4,5,3,2,8,6,7 121 0
575 230 60 3,2,6,5,1,4,8,7 6 0
576 232 57 1,2,3,4,5,6,7,8 0 0
577 232 64 1,4,3,2,8,6,5,7 1 0
578 233 18 2,4,7,3,5,1,6,8 18 0
579 233 23 3,1,2,6,4,7,5,8 5 0
580 233 26 1,2,4,5,7,3,6,8 71 0
581 233 42 1,6,5,2,3,4,8,7 57 0
582 233 63 3,5,1,4,6,7,2,8 9 0
583 233 68 1,2,3,7,4,5,6,8 2 0
584 234 8 3,5,1,2,7,6,8,4 3 0
585 234 18 2,6,1,3,4,5,7,8 47 0
586 234 33 1,2,3,7,4,6,5,8 7 0
587 234 56 1,6,3,5,2,4,8,7 45 0
588 234 64 5,2,3,4,8,1,7,6 16 0
589 235 33 4,3,6,5,7,8,2,1 51 0
590 236 24 2,1,5,3,4,6,8,7 111 0
591 236 67 1,4,3,2,8,6,5,7 64 0
592 237 31 4,1,7,3,8,2,6,5 64 0
593 237 53 2,6,8,3,5,4,1,7 123 0
594 239 42 1,2,6,5,8,4,3,7 33 0
595 239 63 2,4,3,1,6,5,8,7 18 0
596 239 68 2,1,6,4,7,3,8,5 2 0
597 240 34 1,6,7,4,5,3,8,2 72 0
598 240 44 1,2,5,8,3,7,6,4 47 0
599 240 52 3,2,4,8,7,1,6,5 9 0
600 241 58 1,5,3,4,2,6,8,7 18 0
601 241 67 2,3,8,1,6,4,7,5 111 0
602 243 18 1,2,4,8,3,5,7,6 49 0
603 243 33 4,3,6,1,2,5,7,8 15 0
604 243 61 1,6,2,3,5,8,4,7 1 0
605 244 51 1,2,4,5,3,7,6,8 7 0
606 244 66 2,5,3,1,6,4,7,8 63 0
607 245 40 1,2,4,3,5,6,8,7 12 0
608 246 47 2,1,3,5,4,6,8,7 4 0
609 246 68 2,5,4,7,3,1,8,6 76 0
610 248 49 2,3,7,4,1,5,8,6 22 0
611 248 51 1,3,7,4,2,5,6,8 22 0
612 248 67 1,2,4,8,3,5,7,6 82 0
613 249 44 1,7,2,3,6,4,8,5 112 0
614 249 46 5,4,1,2,7,6,3,8 48 0
615 249 57 1,4,2,3,7,5,6,8 6 0
616 250 57 4,1,6,2,5,3,8,7 38 0
617 250 64 1,4,8,5,7,3,6,2 111 0
618 250 68 2,4,1,7,3,5,6,8 13 0
619 251 13 1,2,4,7,8,3,5,6 59 0
620 251 63 7,5,1,2,4,6,3,8 99 0
621 252 65 1,2,3,4,5,6,7,8 0 0
622 253 4 1,2,3,4,6,5,8,7 6 0
623 253 33 2,7,5,1,3,8,6,4 2 0
624 253 34 7,1,4,6,8,2,3,5 121 0
625 253 51 1,3,4,8,6,5,2,7 30 0
626 254 67 4,2,1,5,3,8,7,6 7 0
627 255 54 6,2,5,1,4,7,8,3 54 0
628 256 64 3,2,4,5,1,8,7,6 56 0
629 256 65 1,6,2,3,4,5,8,7 17 0
630 256 66 6,2,1,7,5,4,3,8 18 0
631 259 66 1,2,3,7,6,8,4,5 0 0
632 260 11 7,1,2,5,3,4,6,8 37 0
633 260 28 2,3,8,7,1,4,5,6 15 0
634 261 34 1,5,6,2,8,3,4,7 127 0
635 261 55 4,5,1,2,7,6,3,8 127 0
636 262 63 4,1,6,3,5,2,7,8 111 0
637 263 51 7,1,4,2,6,5,3,8 70 0
638 265 34 2,1,6,8,4,3,7,5 15 0
639 267 58 7,1,2,5,3,4,6,8 114 0
640 269 13 2,4,1,5,8,7,3,6 44 0
641 269 19 1,8,6,3,5,4,2,7 102 0
642 269 24 2,1,3,6,4,5,8,7 3 0
643 269 43 1,4,5,2,8,6,3,7 127 0
644 269 53 2,1,3,7,4,5,6,8 4 0
645 269 56 7,3,2,1,4,5,6,8 63 0
646 269 66 3,1,2,6,8,7,4,5 3 0
647 269 68 2,1,7,4,6,3,8,5 124 0
648 270 17 1,8,4,3,2,7,6,5 81 0
649 270 23 2,3,1,4,7,5,6,8 6 0
650 270 67 6,7,1,3,4,8,2,5 3 0
651 271 51 6,7,8,1,2,4,5,3 38 0
652 271 52 1,2,3,5,6,7,8,4 2 0
653 271 64 1,3,2,4,5,6,7,8 6 0
654 272 69 1,5,2,3,4,6,7,8 1 0
655 273 54 2,4,8,3,1,7,6,5 37 0
656 273 61 1,2,6,3,5,7,4,8 83 0
657 273 64 1,5,4,8,7,2,3,6 86 0
658 274 42 6,1,2,4,5,3,8,7 35 0
659 275 34 1,5,6,3,4,2,7,8 9 0
660 276 1 8,1,2,3,6,4,5,7 47 0
661 276 7 2,5,4,6,1,3,8,7 68 0
662 276 12 1,8,4,2,7,3,6,5 38 0
663 276 29 7,4,2,8,1,5,3,6 44 0
664 276 33 8,2,1,3,7,4,6,5 83 0
665 276 52 1,3,7,8,4,2,5,6 22 0
666 276 68 2,7,4,8,1,3,6,5 68 0
667 277 18 5,1,2,6,3,7,4,8 48 0
668 277 33 2,1,3,4,7,5,8,6 4 0
669 277 63 1,3,5,7,6,2,8,4 6 0
670 277 66 4,2,6,3,1,5,7,8 48 0
671 277 68 6,2,8,4,3,1,7,5 103 0
672 278 19 3,2,1,4,8,6,7,5 1 0
673 278 54 4,1,2,3,7,5,6,8 15 0
674 278 65 2,1,7,3,8,4,6,5 114 0
675 278 66 2,1,6,3,8,4,5,7 34 0
676 279 59 1,3,5,4,6,2,7,8 102 0
677 280 53 8,1,6,3,7,5,4,2 80 0
678 280 64 1,2,3,5,4,7,8,6 7 0
679 282 69 1,2,4,5,6,3,7,8 24 0
680 283 20 4,1,2,3,6,5,8,7 15 0
681 283 34 4,3,5,1,7,2,6,8 60 0
682 283 64 4,2,5,1,7,3,6,8 54 0
683 283 66 2,3,1,4,5,6,7,8 6 0
684 284 33 2,5,3,7,4,6,1,8 50 0
685 284 40 7,2,1,4,5,3,8,6 48 0
686 284 54 8,6,7,3,1,4,2,5 91 0
687 285 64 8,1,5,4,3,7,6,2 87 0
688 285 67 2,7,6,3,5,8,4,1 5 0
689 287 13 1,3,5,2,7,8,4,6 19 0
690 287 31 2,7,1,4,3,8,6,5 68 0
691 287 47 8,7,3,1,4,6,5,2 47 0
692 288 60 2,1,4,5,3,7,6,8 4 0
693 288 65 2,1,7,5,6,3,4,8 80 0
694 288 69 1,2,6,5,4,7,3,8 14 0
695 289 58 1,3,2,4,6,5,7,8 6 0
696 291 32 3,2,1,7,4,8,6,5 7 0
697 291 33 5,7,2,3,4,8,6,1 89 0
698 291 54 1,3,5,6,8,4,2,7 2 0
699 294 34 1,4,5,6,2,3,8,7 54 0
700 294 53 5,3,2,8,1,6,7,4 6 0
701 296 30 1,5,2,4,3,8,6,7 109 0
702 296 59 1,4,2,5,3,8,6,7 109 0
703 296 69 1,4,5,2,3,8,7,6 127 0
704 297 14 1,3,4,2,5,6,7,8 12 0
705 297 29 7,1,8,2,3,4,5,6 115 0
706 297 69 2,3,1,4,5,6,7,8 6 0
707 301 69 3,2,1,4,5,6,7,8 0 0
708 302 67 5,1,2,6,4,3,8,7 2 0
709 305 4 4,8,1,5,3,2,6,7 48 0
710 305 33 1,4,3,7,8,2,5,6 8 0
711 306 40 2,1,3,4,5,8,6,7 3 0
712 306 65 2,3,1,4,5,6,7,8 6 0
713 307 65 2,3,1,5,4,7,6,8 1 0
714 308 69 1,2,3,5,4,6,8,7 7 0
715 309 69 1,3,2,4,5,7,8,6 6 0
716 310 60 4,6,2,1,7,3,5,8 47 0
717 312 4 8,3,4,2,5,1,7,6 83 0
718 312 19 1,2,3,4,5,6,8,7 0 0
719 313 47 1,2,4,5,3,6,8,7 56 0
720 313 62 3,2,1,6,5,4,8,7 2 0
721 313 68 1,2,3,4,6,5,7,8 0 0
722 314 43 2,1,3,6,4,5,7,8 7 0
723 314 53 1,2,4,3,5,6,7,8 12 0
724 314 68 1,4,2,3,5,7,6,8 6 0
725 315 64 1,2,3,6,4,7,8,5 7 0
726 315 66 4,1,5,3,7,6,2,8 48 0
727 316 57 4,1,3,5,6,2,7,8 4 0
728 316 65 1,6,5,8,7,3,2,4 34 0
729 318 9 4,1,2,3,6,8,7,5 15 0
730 318 54 4,2,6,5,1,3,7,8 118 0
731 318 63 3,1,2,4,6,8,5,7 3 0
732 318 66 1,2,6,8,4,3,5,7 82 0
733 319 18 5,6,1,2,3,4,7,8 15 0
734 319 33 1,2,3,4,5,7,6,8 0 0
735 319 63 1,7,3,5,6,4,2,8 62 0
736 319 68 4,8,1,3,6,2,5,7 115 0
737 320 64 8,2,5,4,7,3,1,6 84 0
738 320 67 1,7,6,3,5,8,4,2 5 0
739 323 61 1,3,4,2,6,5,8,7 51 0
740 323 63 7,5,1,3,6,4,8,2 114 0
741 323 68 2,7,4,8,6,3,1,5 71 0
742 326 30 1,3,4,2,5,8,7,6 51 0
743 326 48 2,3,1,5,4,6,7,8 1 0
744 326 69 2,1,4,3,7,5,6,8 45 0
745 331 32 5,2,7,3,6,8,4,1 86 0
746 331 33 1,5,2,4,6,7,3,8 13 0
747 331 41 2,6,5,4,1,3,7,8 6 0
748 331 50 6,2,4,5,3,1,8,7 60 0
749 331 51 1,7,3,4,5,6,2,8 13 0
750 331 64 1,6,2,5,7,3,4,8 31 0
751 331 65 1,7,3,4,5,2,6,8 13 0
752 332 57 2,5,3,4,1,6,7,8 50 0
753 332 63 2,7,3,5,6,8,1,4 62 0
754 332 68 3,1,2,4,6,7,5,8 3 0
755 333 57 1,4,5,3,2,6,8,7 6 0
756 333 64 1,2,4,5,8,3,6,7 6 0
757 333 69 3,5,2,1,6,8,7,4 9 0
758 334 52 3,2,6,5,1,4,8,7 4 0
759 334 53 3,6,2,5,8,1,7,4 32 0
760 334 55 1,7,6,2,4,5,3,8 99 0
761 337 31 1,6,4,2,7,5,3,8 110 0
762 337 52 2,5,1,3,8,6,4,7 96 0
763 337 63 3,4,5,8,2,1,6,7 99 0
764 337 68 1,4,7,8,2,3,5,6 15 0
765 338 63 3,7,2,6,1,5,4,8 70 0
766 339 52 1,3,6,4,8,2,5,7 0 0
767 341 52 2,1,7,5,4,3,8,6 1 0
768 343 63 1,4,5,7,3,8,2,6 32 0
769 344 31 8,1,2,4,6,5,3,7 19 0
770 346 65 3,2,4,5,1,7,6,8 7 0
771 347 52 1,2,3,5,8,4,6,7 7 0
772 347 67 1,2,5,3,6,4,7,8 19 0
773 348 54 4,3,6,1,2,7,5,8 100 0
774 348 66 1,2,5,6,7,3,4,8 19 0
775 350 17 5,8,2,1,3,6,4,7 107 0
776 350 32 7,1,2,3,8,4,6,5 111 0
777 350 41 1,3,4,2,7,8,5,6 44 0
778 350 48 1,5,8,4,2,3,6,7 0 0
779 351 3 1,5,6,2,3,4,7,8 63 0
780 351 5 8,1,2,7,6,5,3,4 4 0
781 351 62 1,3,6,5,2,4,8,7 6 0
782 351 68 8,3,6,1,4,7,5,2 95 0
783 352 19 3,1,4,7,2,5,6,8 22 0
784 352 28 4,2,1,3,7,8,6,5 14 0
785 352 35 1,6,4,2,7,8,3,5 18 0
786 352 50 3,4,1,2,6,5,7,8 18 0
787 352 54 2,4,3,1,6,5,8,7 1 0
788 352 63 1,2,3,5,4,8,6,7 7 0
789 352 65 1,3,2,7,6,4,5,8 3 0
790 352 66 2,1,4,8,3,7,6,5 6 0
791 353 14 1,7,3,4,6,2,8,5 8 0
792 353 28 3,2,8,4,1,5,6,7 1 0
793 353 33 3,5,1,4,6,7,2,8 76 0
794 353 46 2,1,6,4,5,3,7,8 19 0
795 353 51 1,2,3,6,8,5,4,7 5 0
796 353 66 1,7,2,5,3,4,8,6 50 0
797 354 4 8,3,4,2,1,5,7,6 77 0
798 354 12 3,7,6,1,4,8,2,5 39 0
799 354 53 2,6,3,5,7,8,1,4 34 0
800 354 62 6,2,4,8,7,1,3,5 4 0
801 354 65 1,8,4,7,5,6,3,2 73 0
802 355 52 2,1,4,5,7,6,3,8 5 0
803 355 61 1,2,7,3,5,8,4,6 65 0
804 355 68 1,3,2,6,7,4,5,8 4 0
805 359 63 1,2,5,6,3,4,8,7 12 0
806 359 65 1,5,2,6,3,4,7,8 30 0
807 360 21 7,1,3,5,8,4,2,6 123 0
808 360 39 7,3,4,1,6,8,5,2 118 0
809 361 26 1,4,5,2,8,3,6,7 25 0
810 361 47 1,4,5,6,2,7,3,8 1 0
811 362 11 1,2,6,4,3,5,7,8 18 0
812 362 23 2,3,1,4,7,5,6,8 3 0
813 362 41 2,3,1,5,7,6,4,8 1 0
814 362 42 1,4,3,2,6,5,8,7 45 0
815 362 45 1,2,5,3,6,4,7,8 18 0
816 362 49 1,2,6,4,5,3,8,7 18 0
817 362 69 7,2,8,1,3,5,4,6 91 0
818 363 13 4,2,6,7,8,1,5,3 9 0
819 363 18 1,7,4,2,6,3,5,8 13 0
820 363 37 2,8,3,1,4,5,6,7 6 0
821 363 39 3,5,2,4,1,8,6,7 109 0
822 366 26 3,1,2,4,6,5,8,7 1 0
823 367 22 2,1,8,3,7,6,4,5 95 0
824 367 44 1,3,2,8,4,7,6,5 1 0
825 368 62 1,7,5,2,3,4,6,8 94 0
826 369 4 5,7,2,8,6,1,4,3 32 0
827 369 50 5,7,6,1,8,2,3,4 88 0
828 370 50 1,4,3,2,6,5,7,8 0 0
829 370 54 1,6,3,4,5,2,8,7 118 0
830 371 50 1,4,2,3,7,6,5,8 121 0
831 371 59 3,2,4,1,8,7,6,5 126 0
832 372 42 3,1,2,4,5,8,7,6 3 0
833 376 27 3,6,8,2,5,4,1,7 95 0
834 376 41 1,2,5,3,7,6,4,8 67 0
835 376 68 1,4,6,2,7,3,5,8 121 0
836 377 18 1,3,7,4,2,5,6,8 38 0
837 377 22 1,2,4,6,5,3,8,7 14 0
838 377 41 1,2,4,6,3,7,8,5 6 0
839 377 54 1,2,4,5,6,3,8,7 5 0
840 377 67 1,2,3,7,5,8,4,6 6 0
841 378 63 1,2,6,3,5,4,7,8 100 0
842 379 49 5,3,2,1,4,6,7,8 48 0
843 379 62 2,5,1,4,3,6,7,8 50 0
844 379 67 1,3,2,7,5,8,6,4 6 0
845 380 63 4,3,1,7,2,8,6,5 1 0
846 381 20 1,4,2,6,8,3,5,7 90 0
847 381 34 1,2,3,6,7,8,5,4 0 0
848 382 24 3,4,2,1,5,7,8,6 60 0
849 382 43 3,2,1,6,5,4,8,7 1 0
850 382 51 1,2,3,7,5,6,4,8 0 0
851 382 55 1,6,2,8,4,3,7,5 17 0
852 382 67 1,3,4,6,8,2,7,5 58 0
853 382 68 1,2,3,5,6,7,4,8 6 0
854 383 33 2,1,5,3,6,7,4,8 17 0
855 383 37 1,2,6,3,4,5,8,7 51 0
856 383 57 2,1,5,6,8,7,3,4 3 0
857 383 64 1,2,4,3,5,6,7,8 12 0
858 386 66 4,2,1,7,8,3,5,6 120 0
859 387 40 4,1,2,3,5,6,7,8 79 0
860 387 64 3,4,5,1,2,7,8,6 99 0
861 387 69 2,5,1,4,7,3,8,6 77 0
862 388 60 1,3,6,2,4,5,7,8 32 0
863 389 46 3,1,5,6,7,8,2,4 19 0
864 389 52 2,1,6,5,3,4,7,8 0 0
865 389 55 3,2,4,5,1,6,8,7 88 0
866 389 64 3,4,5,1,7,2,6,8 16 0
867 389 68 4,2,5,1,7,3,6,8 22 0
868 390 40 1,3,2,7,5,4,6,8 4 0
869 390 66 2,4,6,8,5,1,7,3 71 0
870 391 47 2,5,4,1,7,6,3,8 27 0
871 392 42 5,3,2,1,8,4,6,7 16 0
872 392 66 3,6,4,2,1,5,7,8 111 0
873 392 68 2,1,4,3,7,5,6,8 83 0
874 396 24 1,4,2,5,3,6,8,7 13 0
875 396 29 2,1,3,5,4,6,8,7 4 0
876 396 31 1,2,3,8,4,7,5,6 5 0
877 396 51 1,2,3,4,7,8,5,6 0 0
878 396 62 1,2,6,3,5,4,8,7 99 0
879 396 64 2,1,5,4,3,7,6,8 99 0
880 396 67 1,2,4,6,3,5,7,8 7 0
881 397 4 1,3,2,4,5,6,8,7 7 0
882 397 10 1,2,3,4,8,5,6,7 5 0
883 397 13 2,4,1,3,7,5,6,8 19 0
884 397 29 1,2,4,7,6,5,8,3 25 0
885 397 33 1,2,3,8,4,5,6,7 2 0
886 397 50 1,2,5,7,3,8,4,6 2 0
887 397 56 1,3,7,4,5,6,8,2 70 0
888 398 49 1,3,2,4,6,8,5,7 4 0
889 398 53 2,1,3,7,4,5,6,8 4 0
890 398 68 1,2,6,4,3,8,7,5 45 0
891 399 33 1,3,5,2,7,4,6,8 67 0
892 399 51 1,3,2,7,6,5,4,8 1 0
893 399 66 2,1,8,3,6,4,5,7 47 0
894 399 68 2,1,7,3,6,4,8,5 64 0
895 400 19 1,7,2,3,6,4,5,8 2 0
896 400 27 1,2,5,4,3,8,6,7 0 0
897 400 30 2,6,3,1,7,4,5,8 0 0
898 400 53 1,3,5,2,4,8,6,7 115 0
899 401 65 1,2,3,6,4,5,8,7 4 0
900 401 68 1,2,4,3,6,7,8,5 48 0
901 402 61 1,2,4,3,7,6,8,5 15 0
902 404 48 2,1,3,5,4,8,6,7 4 0
903 404 69 1,2,3,4,5,8,7,6 0 0
904 405 64 2,3,6,4,5,1,8,7 89 0
905 407 20 5,1,3,2,8,4,7,6 54 0
906 407 67 3,2,1,5,8,4,6,7 7 0
907 408 24 5,1,3,2,6,4,7,8 22 0
908 408 49 1,4,6,2,3,5,7,8 123 0
909 408 65 2,1,4,5,6,3,8,7 91 0
910 409 57 1,6,4,5,8,7,3,2 31 0
911 410 52 2,1,5,3,4,7,6,8 79 0
912 410 57 2,3,1,7,5,4,6,8 5 0
913 411 34 1,3,4,2,5,8,6,7 44 0
914 412 44 1,2,3,4,6,5,8,7 4 0
915 412 57 3,4,2,5,1,6,7,8 13 0
916 412 61 1,5,2,3,4,6,7,8 1 0
917 413 65 2,1,4,5,3,6,7,8 4 0
918 414 33 1,7,3,2,5,4,8,6 0 0
919 415 21 5,1,6,2,3,4,7,8 33 0
920 415 42 4,5,2,3,6,1,7,8 12 0
921 415 47 1,3,2,5,6,4,7,8 1 0
922 416 20 1,4,2,6,8,3,5,7 88 0
923 416 38 1,3,4,7,2,8,6,5 95 0
924 416 51 1,2,3,5,6,7,4,8 7 0
925 417 7 4,3,2,8,5,7,1,6 99 0
926 417 32 1,2,6,3,8,4,7,5 38 0
927 417 38 2,3,4,7,5,1,8,6 22 0
928 417 39 7,8,3,1,5,4,6,2 62 0
929 418 29 1,3,2,4,6,5,7,8 1 0
930 418 48 1,2,6,3,8,5,4,7 36 0
931 419 24 1,7,2,6,8,3,4,5 7 0
932 420 31 5,2,1,3,4,6,8,7 115 0
933 420 48 1,2,3,5,4,8,7,6 7 0
934 420 59 4,1,2,3,8,7,5,6 12 0
935 420 63 3,1,7,4,5,6,2,8 33 0
936 420 67 5,2,1,4,3,6,8,7 96 0
937 421 33 2,7,1,4,5,3,6,8 68 0
938 422 32 3,1,6,4,5,2,7,8 1 0
939 424 41 2,1,8,5,3,4,7,6 99 0
940 424 54 2,1,6,4,5,3,8,7 34 0
941 424 58 1,4,2,7,6,8,3,5 12 0
942 424 62 3,1,6,5,7,8,2,4 60 0
943 425 60 4,3,5,2,8,7,1,6 19 0
944 425 61 1,2,4,5,8,3,6,7 46 0
945 425 66 2,6,1,5,7,3,4,8 5 0
946 426 63 4,5,1,2,3,8,6,7 88 0
947 428 33 3,2,8,4,1,6,7,5 69 0
948 429 59 1,3,2,5,4,6,7,8 1 0
949 431 31 1,4,7,5,2,3,6,8 5 0
950 431 52 4,3,1,5,8,6,7,2 62 0
951 432 62 2,5,3,1,6,4,7,8 68 0
952 432 67 3,4,1,2,5,7,6,8 127 0
953 434 12 1,4,8,3,2,7,5,6 38 0
954 434 29 7,4,2,1,8,3,5,6 102 0
955 434 33 8,3,1,2,7,4,5,6 83 0
956 434 52 1,3,7,4,8,2,5,6 83 0
957 434 68 1,7,2,8,4,6,3,5 80 0
958 435 46 2,3,1,4,5,6,7,8 6 0
959 435 66 5,3,2,4,7,1,6,8 2 0
960 437 62 1,3,4,2,5,6,8,7 12 0
961 437 68 4,2,1,6,5,3,7,8 71 0
962 438 18 7,6,2,5,1,8,4,3 118 0
963 438 30 7,2,1,3,8,4,6,5 91 0
964 438 37 8,2,1,7,3,4,6,5 39 0
965 439 60 1,3,5,2,6,4,7,8 18 0
966 441 58 1,2,4,6,3,5,8,7 17 0
967 442 34 2,1,5,4,6,3,8,7 64 0
968 442 40 1,3,2,7,8,5,4,6 2 0
969 442 44 1,2,8,3,7,5,4,6 80 0
970 442 49 1,2,4,5,6,8,3,7 36 0
971 442 62 1,8,3,2,4,7,6,5 7 0
972 443 34 2,1,7,3,5,6,4,8 78 0
973 443 56 1,4,6,5,3,2,8,7 15 0
974 443 58 3,2,5,1,8,4,7,6 118 0
975 444 46 3,4,7,8,1,5,6,2 63 0
976 445 59 1,2,3,4,5,6,7,8 0 0
977 445 67 1,2,3,4,8,5,6,7 0 0
978 446 18 2,4,7,5,3,1,6,8 88 0
979 446 23 3,6,2,1,4,7,5,8 122 0
980 446 26 1,2,4,5,7,3,6,8 71 0
981 446 42 6,1,4,3,5,2,7,8 41 0
982 446 63 3,6,5,4,1,7,2,8 57 0
983 446 68 1,2,7,3,6,8,4,5 69 0
984 447 25 6,2,4,3,8,7,5,1 51 0
985 447 52 5,1,2,6,7,8,3,4 15 0
986 448 10 1,7,3,4,2,8,5,6 61 0
987 448 30 1,2,3,7,8,6,4,5 1 0
988 448 47 7,2,1,3,8,4,6,5 125 0
989 448 54 3,4,1,8,2,5,7,6 13 0
990 449 24 2,1,5,3,6,8,4,7 111 0
991 449 67 1,3,4,2,6,5,8,7 76 0
992 450 14 1,8,2,3,7,6,4,5 6 0
993 451 34 1,5,4,6,7,3,2,8 32 0
994 452 40 1,2,8,4,5,6,7,3 17 0
995 452 49 1,3,2,5,7,4,6,8 1 0
996 452 64 2,3,1,5,8,7,6,4 3 0
997 452 67 2,1,6,7,8,3,4,5 110 0
998 453 17 1,3,8,2,4,5,7,6 122 0
999 453 34 1,2,7,3,5,6,4,8 69 0
1000 453 62 2,1,6,4,5,7,3,8 19 0
1001 454 48 1,2,5,4,3,7,6,8 0 0
1002 454 66 2,1,3,6,5,4,7,8 2 0
1003 456 32 8,4,2,3,7,5,1,6 105 0
1004 457 34 1,7,2,5,3,8,6,4 100 0
1005 457 52 2,3,1,8,7,4,6,5 0 0
1006 457 63 1,2,8,5,3,4,7,6 102 0
1007 459 24 2,1,3,5,7,8,6,4 3 0
1008 459 54 8,4,6,7,1,3,2,5 4 0
1009 461 47 1,4,5,2,7,3,6,8 31 0
1010 461 54 2,4,1,6,3,5,7,8 13 0
1011 461 62 1,2,3,5,4,8,6,7 7 0
1012 461 63 5,7,3,2,1,6,4,8 4 0
1013 461 68 1,6,4,7,5,8,3,2 62 0
1014 462 14 3,4,1,2,5,7,8,6 31 0
1015 462 27 1,2,3,8,5,4,7,6 0 0
1016 462 50 1,2,3,4,6,8,7,5 3 0
1017 462 64 5,2,8,7,4,1,3,6 107 0
1018 463 51 2,1,7,5,4,6,3,8 68 0
1019 464 52 1,3,2,8,4,5,6,7 6 0
1020 465 65 1,2,3,4,5,6,7,8 0 0
1021 466 11 3,7,5,1,2,4,6,8 2 0
1022 466 22 1,3,8,2,7,6,4,5 115 0
1023 466 43 1,2,8,7,3,4,6,5 15 0
1024 467 68 1,3,2,4,6,5,8,7 7 0
1025 468 7 1,2,3,4,5,6,7,8 0 0
1026 468 54 1,2,8,5,3,6,4,7 111 0
1027 469 11 2,3,4,5,8,7,1,6 13 0
1028 469 51 1,8,7,2,3,4,6,5 61 0
1029 469 69 1,3,8,7,2,4,5,6 4 0
1030 472 66 1,2,3,8,6,7,4,5 6 0
1031 473 25 2,8,4,1,5,7,3,6 15 0
1032 474 27 3,6,1,8,4,5,7,2 122 0
1033 475 34 2,1,4,5,3,8,6,7 27 0
1034 476 60 1,2,3,4,5,6,7,8 0 0
1035 478 62 4,1,6,3,2,8,7,5 32 0
1036 479 60 5,2,1,4,3,6,7,8 63 0
1037 481 18 1,4,2,6,3,8,7,5 12 0
1038 483 4 1,6,7,8,2,3,5,4 14 0
1039 483 54 5,4,6,3,1,8,7,2 41 0
1040 483 63 5,8,2,3,1,7,6,4 111 0
1041 483 65 1,5,3,2,8,7,6,4 6 0
1042 484 30 3,4,2,1,8,7,6,5 48 0
1043 486 3 1,3,8,2,7,5,6,4 121 0
1044 486 27 3,5,6,1,4,7,8,2 6 0
1045 487 20 2,1,3,8,5,6,7,4 1 0
1046 487 30 4,2,3,6,7,1,5,8 30 0
1047 487 57 1,3,4,7,5,6,2,8 4 0
1048 487 64 4,5,3,7,6,1,2,8 16 0
1049 488 24 2,8,5,1,4,3,6,7 111 0
1050 488 67 4,5,1,6,7,3,2,8 86 0
1051 490 31 3,4,1,2,5,8,7,6 0 0
1052 491 54 1,2,3,4,7,5,8,6 0 0
1053 491 60 4,1,3,7,8,2,6,5 12 0
1054 492 66 1,3,8,6,5,4,7,2 3 0
1055 493 69 1,3,7,4,5,2,8,6 1 0
1056 494 2 2,3,1,7,4,6,8,5 7 0
1057 494 15 1,4,5,2,6,8,7,3 0 0
1058 494 28 1,2,6,3,5,7,4,8 101 0
1059 494 41 2,3,4,1,5,7,6,8 15 0
1060 494 50 3,1,4,2,6,8,7,5 31 0
1061 494 51 1,7,3,4,5,2,6,8 68 0
1062 494 64 1,2,3,5,6,7,4,8 6 0
1063 494 67 3,6,1,4,7,5,2,8 100 0
1064 495 22 4,2,3,1,5,6,8,7 9 0
1065 495 56 2,1,3,4,5,8,6,7 3 0
1066 495 69 1,4,6,3,8,2,5,7 36 0
1067 496 21 1,6,4,8,2,5,7,3 111 0
1068 496 30 1,7,3,4,6,2,5,8 69 0
1069 496 53 1,5,4,7,6,8,3,2 126 0
1070 496 59 4,2,5,3,8,1,6,7 76 0
1071 496 61 3,1,2,5,7,4,6,8 4 0
1072 496 64 2,5,1,7,4,3,8,6 94 0
1073 496 67 3,5,2,1,6,4,7,8 2 0
1074 497 13 1,2,7,4,6,3,5,8 76 0
1075 497 28 4,3,2,6,1,5,7,8 1 0
1076 497 30 2,1,4,3,5,6,7,8 15 0
1077 497 51 1,3,2,6,8,5,4,7 5 0
1078 497 63 7,2,8,3,4,5,1,6 79 0
1079 498 37 1,2,4,7,3,8,5,6 4 0
1080 498 62 2,1,4,5,7,8,3,6 4 0
1081 498 65 1,2,8,6,5,3,7,4 67 0
1082 498 67 1,3,6,2,7,4,5,8 39 0
1083 499 58 4,2,3,1,5,6,8,7 9 0
1084 499 59 4,1,2,6,5,3,8,7 47 0
1085 500 50 3,1,4,2,7,8,6,5 8 0
1086 500 69 7,5,2,1,4,6,8,3 46 0
1087 501 69 5,3,8,2,6,1,4,7 82 0
1088 503 3 1,5,8,6,4,2,7,3 97 0
1089 503 13 2,1,5,6,8,7,3,4 48 0
1090 503 33 2,6,5,7,1,3,4,8 6 0
1091 504 34 1,8,2,4,6,5,7,3 121 0
1092 504 44 1,2,3,4,5,6,8,7 0 0
1093 504 62 1,3,2,5,4,7,6,8 1 0
1094 504 67 1,3,4,2,5,6,7,8 51 0
1095 505 64 1,5,3,2,4,6,7,8 39 0
1096 505 67 1,3,2,5,6,7,4,8 2 0
1097 506 55 3,4,1,6,2,5,7,8 9 0
1098 506 68 1,2,3,5,7,8,6,4 7 0
1099 507 41 2,3,4,5,1,8,6,7 1 0
1100 507 64 1,3,6,4,5,2,7,8 4 0
1101 509 18 1,6,2,5,7,8,3,4 98 0
1102 509 34 5,2,4,6,7,3,1,8 54 0
1103 509 53 3,6,4,1,5,2,8,7 11 0
1104 509 58 1,3,4,2,6,5,8,7 51 0
1105 509 64 1,4,5,2,7,3,6,8 63 0
1106 510 52 4,2,5,1,3,6,8,7 9 0
1107 510 65 1,7,3,4,6,5,2,8 23 0
1108 510 69 6,2,1,5,8,4,7,3 113 0
1109 511 69 2,1,4,3,7,6,5,8 59 0
1110 512 66 2,4,7,5,1,6,8,3 124 0
1111 514 68 1,3,2,4,7,5,6,8 6 0
1112 515 61 4,1,3,2,5,6,8,7 41 0
1113 515 64 3,2,4,7,8,6,1,5 47 0
1114 515 67 2,3,6,8,5,1,7,4 5 0
1115 517 53 6,2,3,5,1,7,8,4 64 0
1116 518 68 2,1,3,5,4,6,7,8 4 0
1117 520 32 5,7,2,3,1,8,6,4 34 0
1118 520 58 1,6,2,4,5,7,8,3 13 0
1119 520 65 1,2,3,4,7,8,6,5 3 0
1120 521 63 3,2,8,1,4,5,7,6 73 0
1121 522 53 4,6,5,3,8,7,1,2 78 0
1122 523 59 1,3,4,5,2,6,8,7 1 0
1123 523 66 2,1,4,7,8,5,3,6 18 0
1124 525 67 3,4,5,6,1,2,7,8 60 0
1125 529 41 1,4,2,3,5,7,6,8 57 0
1126 529 49 3,2,1,4,5,7,6,8 0 0
1127 529 60 2,1,4,3,5,6,7,8 48 0
1128 531 26 1,2,5,4,7,8,3,6 0 0
1129 531 60 1,2,3,4,6,7,5,8 2 0
1130 532 69 1,2,5,6,8,7,4,3 29 0
1131 533 21 2,3,1,4,5,7,6,8 6 0
1132 533 37 1,2,4,6,3,5,8,7 7 0
1133 533 51 1,2,7,8,5,3,6,4 65 0
1134 533 64 5,1,4,2,3,6,7,8 86 0
1135 533 67 2,1,3,6,5,7,8,4 2 0
1136 534 53 1,5,7,3,4,6,8,2 3 0
1137 535 21 1,3,2,6,5,7,4,8 0 0
1138 536 38 1,4,3,2,7,8,6,5 0 0
1139 536 63 1,2,6,4,5,3,8,7 28 0
1140 536 66 1,3,4,6,8,7,5,2 13 0
1141 537 9 1,5,7,6,2,4,3,8 30 0
1142 537 24 1,7,4,3,5,2,6,8 14 0
1143 537 57 1,2,7,5,3,8,4,6 127 0
1144 538 52 3,2,1,5,8,4,6,7 7 0
1145 540 23 4,1,3,5,6,8,2,7 95 0
1146 540 42 1,3,5,4,8,6,7,2 70 0
1147 540 52 6,1,2,5,3,8,7,4 123 0
1148 540 68 3,1,2,4,5,6,7,8 3 0
1149 541 62 3,2,5,1,6,4,7,8 105 0
1150 543 52 1,5,6,2,3,4,7,8 3 0
1151 543 63 2,4,3,1,6,5,8,7 3 0
1152 544 63 2,1,3,6,4,5,8,7 5 0
1153 546 67 1,2,4,5,3,6,8,7 71 0
1154 547 66 1,2,3,4,5,6,8,7 0 0
1155 548 42 5,1,7,4,2,3,6,8 30 0
1156 549 44 1,3,2,4,7,5,6,8 6 0
1157 551 38 1,4,7,2,3,8,5,6 78 0
1158 551 67 1,2,3,5,4,6,7,8 7 0
1159 555 64 4,3,5,1,2,6,8,7 48 0
1160 556 60 3,4,1,2,6,5,8,7 83 0
1161 559 53 2,1,3,4,7,5,6,8 1 0
1162 561 57 5,1,6,4,8,3,7,2 127 0
1163 562 50 1,2,5,3,7,4,6,8 28 0
1164 562 64 1,2,4,5,3,7,8,6 7 0
1165 562 66 2,1,3,7,4,5,6,8 4 0
1166 563 68 3,1,2,5,4,6,8,7 4 0
1167 564 69 1,2,3,4,5,6,7,8 0 0
1168 565 33 5,1,4,3,2,6,7,8 80 0
1169 566 63 1,3,2,5,4,6,7,8 1 0
1170 566 65 2,1,4,3,6,7,5,8 13 0
1171 568 30 1,2,3,4,7,5,6,8 0 0
1172 568 65 1,5,2,6,3,8,4,7 45 0
1173 568 67 2,1,3,4,5,6,7,8 3 0
1174 569 24 1,5,6,2,4,3,7,8 33 0
1175 570 14 1,2,8,7,3,4,6,5 58 0
1176 571 41 1,3,5,2,4,6,7,8 19 0
1177 571 50 1,2,4,3,7,8,5,6 100 0
1178 571 58 1,2,5,3,6,8,4,7 108 0
1179 573 55 2,4,3,6,1,8,7,5 33 0
1180 573 66 1,3,8,5,2,6,7,4 45 0
1181 575 61 1,6,2,3,5,4,7,8 50 0
1182 575 66 1,4,3,6,8,7,5,2 1 0
1183 576 38 2,5,1,3,4,6,7,8 1 0
1184 576 64 1,3,4,6,2,5,7,8 0 0
1185 578 44 2,4,1,6,3,8,5,7 13 0
1186 578 52 1,5,6,2,3,4,7,8 63 0
1187 578 57 1,5,6,4,3,2,8,7 15 0
1188 579 6 3,8,4,1,5,7,2,6 114 0
1189 579 11 1,3,5,4,2,7,6,8 70 0
1190 579 20 1,6,2,3,5,7,4,8 112 0
1191 579 54 1,2,3,6,4,5,8,7 7 0
1192 579 62 2,7,4,3,1,5,8,6 17 0
1193 579 65 1,4,6,5,2,7,3,8 121 0
1194 580 32 6,2,1,5,3,7,4,8 49 0
1195 580 37 4,1,7,3,5,6,2,8 63 0
1196 580 54 3,2,4,6,1,7,8,5 7 0
1197 580 63 1,5,2,4,3,6,8,7 18 0
1198 581 7 1,2,3,4,5,7,6,8 0 0
1199 581 63 3,2,5,1,6,8,4,7 22 0
1200 581 66 1,3,4,5,8,2,7,6 108 0
1201 582 54 1,3,7,2,6,4,5,8 77 0
1202 583 63 2,3,7,4,1,8,5,6 122 0
1203 584 9 5,1,3,4,2,7,8,6 67 0
1204 584 54 1,4,3,8,6,5,2,7 12 0
1205 584 62 2,1,4,7,8,5,3,6 12 0
1206 585 29 3,5,1,2,4,6,7,8 7 0
1207 585 42 1,4,3,2,5,7,6,8 31 0
1208 585 60 2,4,1,3,6,5,7,8 16 0
1209 585 69 6,1,4,5,2,3,7,8 31 0
1210 586 37 2,6,1,5,3,7,4,8 19 0
1211 586 64 2,6,4,8,7,1,3,5 36 0
1212 586 67 3,7,1,4,5,6,2,8 65 0
1213 587 63 1,3,8,5,6,7,2,4 65 0
1214 589 34 1,2,7,8,5,6,3,4 15 0
1215 590 43 1,2,3,4,5,6,8,7 0 0
1216 590 68 1,2,5,7,3,4,6,8 32 0
1217 592 64 7,1,5,4,3,2,6,8 127 0
1218 592 67 2,5,3,8,7,4,6,1 52 0
1219 594 6 1,2,3,4,5,6,7,8 0 0
1220 594 53 2,1,5,3,6,8,4,7 16 0
1221 594 64 3,6,2,1,4,7,5,8 45 0
1222 595 60 3,6,2,4,8,1,5,7 37 0
1223 595 62 1,2,4,5,3,7,8,6 88 0
1224 597 34 1,5,2,3,6,4,7,8 65 0
1225 597 62 2,6,3,4,7,1,5,8 92 0
1226 598 18 7,4,2,5,6,1,3,8 126 0
1227 598 64 4,7,3,8,6,1,5,2 112 0
1228 599 68 2,7,8,4,1,6,3,5 18 0
1229 600 67 3,8,1,5,6,4,7,2 69 0
1230 606 58 1,5,4,2,3,6,7,8 24 0
1231 607 61 2,1,3,4,5,7,6,8 3 0
1232 608 30 1,5,2,3,4,6,8,7 126 0
1233 610 42 1,3,6,2,5,7,8,4 32 0
1234 610 57 4,2,5,1,6,3,7,8 41 0
1235 610 69 3,5,1,2,7,6,4,8 7 0
1236 611 61 1,6,2,5,3,7,4,8 33 0
1237 613 18 1,3,2,4,6,8,5,7 5 0
1238 613 22 3,6,5,8,4,7,2,1 84 0
1239 613 50 1,4,3,6,5,2,8,7 96 0
1240 613 69 1,3,4,8,7,5,2,6 101 0
1241 614 30 4,1,2,3,6,8,7,5 14 0
1242 614 64 2,5,1,3,4,7,8,6 1 0
1243 614 69 7,3,4,8,2,6,1,5 97 0
1244 615 63 4,3,1,2,5,6,7,8 12 0
1245 616 56 1,2,3,4,5,6,7,8 0 0
1246 618 29 2,1,4,3,8,6,5,7 79 0
1247 619 27 1,2,3,8,4,6,7,5 3 0
1248 619 34 4,1,3,7,2,5,8,6 0 0
1249 619 62 2,1,3,4,5,6,7,8 3 0
1250 621 58 1,3,6,4,2,5,7,8 41 0
1251 622 31 3,1,4,8,2,5,7,6 36 0
1252 622 53 1,2,8,7,3,5,4,6 60 0
1253 622 54 8,1,4,5,3,7,2,6 64 0
1254 623 30 2,5,1,8,3,4,7,6 18 0
1255 624 43 1,3,2,7,6,4,5,8 7 0
1256 625 7 1,2,4,3,6,5,8,7 25 0
1257 625 34 1,7,2,5,8,4,6,3 36 0
1258 626 53 2,3,1,6,8,7,4,5 2 0
1259 626 62 4,5,2,1,3,8,6,7 59 0
1260 628 69 2,1,6,4,5,3,8,7 35 0
1261 629 59 1,2,5,7,4,3,8,6 19 0
1262 640 7 5,8,2,1,7,6,4,3 0 0
1263 640 64 1,2,3,4,6,7,5,8 1 0
1264 641 32 1,2,5,6,3,7,4,8 1 0
1265 641 36 1,3,4,2,5,6,8,7 51 0
1266 641 47 3,1,7,2,6,4,5,8 63 0
1267 641 54 5,3,1,4,8,2,7,6 6 0
1268 641 57 2,4,1,3,5,8,6,7 6 0
1269 641 64 1,4,5,8,6,3,7,2 31 0
1270 642 30 1,2,5,3,8,4,7,6 28 0
1271 642 64 1,3,5,6,2,4,7,8 9 0
1272 643 33 4,1,2,3,7,8,5,6 112 0
1273 643 52 2,1,4,3,6,5,8,7 112 0
1274 644 38 4,1,3,2,5,6,7,8 118 0
1275 644 58 3,1,4,2,6,5,7,8 118 0
1276 644 64 4,1,7,5,2,3,6,8 0 0
1277 644 66 2,1,5,3,4,6,7,8 80 0
1278 646 33 4,5,3,1,2,6,7,8 27 0
1279 647 63 5,3,7,4,6,1,2,8 64 0
1280 648 4 3,2,4,6,8,5,1,7 23 0
1281 648 27 2,7,3,6,4,8,5,1 91 0
1282 648 53 4,3,1,5,8,2,7,6 126 0
1283 649 47 6,7,2,4,1,3,5,8 66 0
1284 649 51 1,6,4,5,2,3,7,8 17 0
1285 649 62 2,5,1,3,6,8,7,4 0 0
1286 649 64 2,4,7,1,6,8,5,3 7 0
1287 651 22 3,1,7,4,2,5,8,6 122 0
1288 651 27 4,8,5,1,2,3,7,6 118 0
1289 652 64 4,2,1,7,5,6,8,3 16 0
1290 652 68 1,4,2,3,7,5,8,6 17 0
1291 653 63 3,2,1,8,5,4,6,7 4 0
1292 653 68 4,3,1,2,7,5,6,8 63 0
1293 654 69 5,2,4,1,8,3,6,7 91 0
1294 655 53 7,1,4,5,3,8,2,6 0 0
1295 656 31 1,2,3,8,6,5,7,4 0 0
1296 660 64 1,3,2,4,5,6,7,8 6 0
1297 661 3 5,8,6,3,4,1,2,7 108 0
1298 661 49 1,7,6,5,8,4,3,2 66 0
1299 662 24 3,5,2,1,4,7,8,6 4 0
1300 662 59 1,6,3,8,5,2,4,7 45 0
1301 662 67 1,3,7,5,6,8,2,4 83 0
1302 662 69 1,2,3,7,4,6,5,8 7 0
1303 663 65 3,4,1,2,5,7,6,8 0 0
1304 664 31 2,1,6,5,3,7,4,8 14 0
1305 664 54 2,1,3,6,4,5,7,8 5 0
1306 664 55 3,2,1,5,6,4,7,8 5 0
1307 667 12 2,4,3,1,8,7,6,5 3 0
1308 667 32 2,6,3,1,7,5,4,8 27 0
1309 667 50 1,3,4,2,5,7,8,6 12 0
1310 667 51 1,4,2,5,6,3,8,7 14 0
1311 667 63 3,7,1,4,5,8,2,6 3 0
1312 667 68 4,3,8,2,1,7,6,5 76 0
1313 668 61 4,1,3,2,5,6,8,7 41 0
1314 668 64 1,7,5,4,8,3,2,6 45 0
1315 668 67 5,2,6,4,7,8,1,3 3 0
1316 669 34 2,3,1,5,8,4,6,7 1 0
1317 669 64 1,2,5,6,8,7,4,3 50 0
1318 670 63 1,3,4,2,5,7,6,8 51 0
1319 672 32 6,2,3,5,1,7,4,8 6 0
1320 672 33 1,5,2,4,3,7,6,8 18 0
1321 672 41 2,3,5,7,1,4,8,6 112 0
1322 672 54 1,2,3,5,6,7,4,8 6 0
1323 672 60 2,3,7,1,4,5,8,6 100 0
1324 673 26 1,6,8,7,2,3,4,5 93 0
1325 673 62 3,5,8,2,7,1,6,4 13 0
1326 673 63 2,3,4,7,8,1,5,6 5 0
1327 680 43 2,8,6,7,3,5,1,4 76 0
1328 680 50 3,2,7,5,1,4,6,8 15 0
1329 680 51 1,7,4,3,5,6,2,8 76 0
1330 680 63 1,6,5,2,3,4,7,8 0 0
1331 680 65 1,6,3,5,2,8,7,4 18 0
1332 681 69 3,1,2,5,7,6,8,4 7 0
1333 682 62 3,1,2,4,6,7,5,8 3 0
1334 683 56 1,6,7,8,2,3,4,5 2 0
1335 684 57 4,2,5,1,3,6,7,8 41 0
1336 685 32 2,6,1,3,7,5,4,8 96 0
1337 685 64 1,4,7,8,2,3,6,5 15 0
1338 685 67 3,4,6,7,1,2,5,8 111 0
1339 687 31 6,8,2,1,5,7,4,3 36 0
1340 689 40 4,2,1,5,3,8,6,7 7 0
1341 689 49 6,2,8,3,1,5,7,4 126 0
1342 690 31 6,2,5,3,1,4,7,8 95 0
1343 692 66 1,2,6,4,3,7,8,5 56 0
1344 692 68 2,1,4,3,7,6,5,8 25 0
1345 695 68 1,3,4,2,7,6,8,5 63 0
1346 701 50 1,2,6,4,3,5,7,8 0 0
1347 701 63 1,2,3,4,6,5,7,8 0 0
1348 701 66 2,4,1,6,3,5,8,7 13 0
1349 704 30 2,1,7,4,8,3,6,5 95 0
1350 705 56 4,8,1,5,2,3,7,6 26 0
1351 707 62 1,3,2,5,6,4,7,8 4 0
1352 707 68 3,4,5,2,1,7,6,8 31 0
1353 709 64 1,3,2,5,4,6,8,7 1 0
1354 710 43 1,6,2,3,8,4,7,5 4 0
1355 711 66 1,3,2,4,5,6,7,8 6 0
1356 712 69 2,3,1,6,5,7,4,8 7 0
1357 713 63 1,2,4,6,5,3,7,8 12 0
1358 715 63 1,2,5,3,4,6,7,8 44 0
1359 715 68 1,3,4,8,6,2,5,7 100 0
1360 717 7 1,5,4,3,7,8,6,2 119 0
1361 717 27 2,3,6,4,5,7,8,1 89 0
1362 717 34 1,4,2,3,5,7,8,6 89 0
1363 717 35 7,1,3,2,8,5,4,6 23 0
1364 718 30 1,2,4,7,8,5,6,3 4 0
1365 719 52 5,2,6,1,4,3,7,8 11 0
1366 719 59 3,1,6,4,2,5,8,7 5 0
1367 719 67 1,2,3,4,8,5,7,6 0 0
1368 720 57 3,2,5,7,4,8,6,1 20 0
1369 720 68 1,3,4,2,6,5,7,8 54 0
1370 722 50 2,1,4,7,5,3,6,8 111 0
1371 722 52 1,2,5,6,8,3,7,4 16 0
1372 722 64 3,2,1,4,6,7,5,8 4 0
1373 723 67 1,2,3,5,4,7,8,6 7 0
1374 725 29 1,3,2,8,5,4,6,7 6 0
1375 725 63 2,3,1,7,8,4,5,6 2 0
1376 727 68 4,1,2,3,5,6,8,7 15 0
1377 729 33 1,6,2,4,5,7,3,8 2 0
1378 729 44 5,2,3,1,4,8,7,6 73 0
1379 729 47 2,3,1,8,5,7,6,4 5 0
1380 729 51 1,7,3,4,5,6,2,8 2 0
1381 729 68 1,5,2,6,4,8,7,3 33 0
1382 730 57 2,5,4,3,1,6,7,8 62 0
1383 730 68 3,1,4,2,6,5,8,7 54 0
1384 731 53 2,6,5,3,1,8,7,4 2 0
1385 733 33 3,5,1,4,6,7,2,8 51 0
1386 733 54 4,2,5,3,7,8,1,6 60 0
1387 733 61 1,2,7,3,5,8,4,6 63 0
1388 733 66 2,1,6,4,5,7,8,3 44 0
1389 734 63 3,7,2,1,4,8,5,6 4 0
1390 735 52 1,3,6,4,5,2,8,7 0 0
1391 737 51 5,7,4,3,1,6,2,8 115 0
1392 739 63 2,5,7,8,1,6,4,3 31 0
1393 742 46 2,1,5,4,7,6,3,8 127 0
1394 742 69 1,3,4,2,5,7,6,8 19 0
1395 743 68 1,2,3,6,5,7,4,8 6 0
1396 745 6 2,3,5,1,4,6,8,7 16 0
1397 745 26 4,1,5,8,2,3,7,6 16 0
1398 745 34 5,2,4,3,7,1,6,8 25 0
1399 745 51 1,3,4,2,5,8,7,6 12 0
1400 745 53 1,3,4,2,5,8,6,7 12 0
1401 746 33 2,7,5,1,3,6,4,8 93 0
1402 746 39 1,4,8,5,2,6,7,3 104 0
1403 746 49 1,2,5,6,3,4,7,8 1 0
1404 746 51 1,5,2,8,6,4,7,3 17 0
1405 746 57 3,1,2,6,8,5,7,4 3 0
1406 746 64 5,3,1,4,6,8,2,7 22 0
1407 747 41 1,7,6,5,2,3,8,4 0 0
1408 747 49 1,2,4,3,7,8,5,6 12 0
1409 747 60 1,2,3,4,5,6,7,8 0 0
1410 747 62 5,8,1,2,7,6,3,4 15 0
1411 748 28 1,8,3,6,5,2,7,4 13 0
1412 748 60 2,1,4,3,6,5,8,7 15 0
1413 748 65 6,2,8,3,5,4,1,7 29 0
1414 749 43 1,2,6,5,4,3,7,8 126 0
1415 749 65 1,6,3,5,2,8,7,4 93 0
1416 750 39 1,2,6,4,3,8,5,7 64 0
1417 750 63 4,7,5,1,8,2,3,6 87 0
1418 752 63 4,1,2,3,5,8,7,6 15 0
1419 753 52 1,3,2,7,8,4,5,6 1 0
1420 754 64 4,5,6,1,3,2,8,7 38 0
1421 755 54 4,5,1,2,3,7,6,8 24 0
1422 755 57 2,3,5,7,1,6,4,8 47 0
1423 755 61 1,5,3,4,8,2,7,6 6 0
1424 755 67 2,3,1,6,7,4,5,8 2 0
1425 758 24 2,3,7,4,1,5,8,6 54 0
1426 758 62 3,1,5,2,4,8,7,6 22 0
1427 759 33 2,7,5,1,6,3,4,8 38 0
1428 761 49 4,1,6,3,2,7,8,5 77 0
1429 767 42 1,2,7,8,4,5,3,6 97 0
1430 770 54 2,1,4,6,5,3,8,7 57 0
1431 770 62 1,2,5,3,6,4,7,8 19 0
1432 770 67 3,1,4,7,2,5,6,8 33 0
1433 775 1 1,8,2,3,6,7,5,4 27 0
1434 775 23 2,4,6,5,8,3,1,7 108 0
1435 775 29 1,4,7,2,6,5,3,8 39 0
1436 775 46 3,8,2,1,5,4,7,6 35 0
1437 775 54 5,8,2,6,4,3,1,7 108 0
1438 775 60 2,1,3,8,5,6,4,7 3 0
1439 776 32 2,3,5,8,6,4,1,7 2 0
1440 776 44 1,2,4,3,7,5,8,6 13 0
1441 776 63 1,3,4,5,8,2,7,6 13 0
1442 777 23 2,1,7,4,6,5,8,3 50 0
1443 777 46 1,7,2,3,4,6,8,5 49 0
1444 778 58 1,4,3,6,2,8,5,7 114 0
1445 779 10 1,2,3,4,6,5,8,7 0 0
1446 779 13 2,1,4,7,3,6,8,5 50 0
1447 780 19 2,1,5,4,3,6,7,8 3 0
1448 780 27 2,3,7,5,8,1,6,4 112 0
1449 781 58 1,3,4,2,5,7,8,6 44 0
1450 781 63 4,5,3,6,1,8,7,2 56 0
1451 782 31 1,3,6,5,8,7,4,2 70 0
1452 783 59 3,2,1,4,5,6,7,8 0 0
1453 783 64 2,4,3,5,8,1,7,6 65 0
1454 784 24 3,7,1,2,5,6,4,8 35 0
1455 784 32 1,2,3,6,4,5,8,7 7 0
1456 786 63 7,3,1,6,8,4,2,5 82 0
1457 786 64 2,7,4,8,1,3,5,6 86 0
1458 787 61 2,1,7,4,5,3,6,8 78 0
1459 787 64 1,5,2,4,3,6,7,8 50 0
1460 791 20 1,5,4,2,7,3,8,6 103 0
1461 791 53 1,3,4,8,2,5,6,7 1 0
1462 791 61 1,3,5,6,7,2,4,8 108 0
1463 793 40 4,2,5,3,1,6,7,8 51 0
1464 793 41 3,1,7,2,4,5,8,6 45 0
1465 794 52 3,2,1,6,4,5,8,7 7 0
1466 795 43 2,6,3,1,4,5,7,8 45 0
1467 797 28 1,2,4,3,7,6,5,8 12 0
1468 798 66 2,1,3,6,7,5,8,4 4 0
1469 799 12 2,1,3,5,4,7,8,6 4 0
1470 799 32 5,2,4,6,3,1,7,8 70 0
1471 800 12 3,5,1,4,7,6,8,2 77 0
1472 800 49 2,4,1,3,8,5,6,7 115 0
1473 802 43 1,2,5,7,4,3,8,6 83 0
1474 805 58 1,3,2,4,5,8,7,6 6 0
1475 806 22 1,4,2,3,5,8,7,6 6 0
1476 806 55 4,1,2,7,8,5,3,6 15 0
1477 807 24 1,4,2,3,7,5,6,8 6 0
1478 808 49 2,4,1,7,6,8,5,3 14 0
1479 811 35 1,6,2,4,7,5,3,8 0 0
1480 811 38 1,3,2,6,8,4,5,7 1 0
1481 811 48 1,3,4,2,6,5,8,7 115 0
1482 811 67 8,6,2,3,7,5,1,4 105 0
1483 812 42 1,4,5,2,3,6,7,8 95 0
1484 812 50 3,2,1,4,5,7,6,8 0 0
1485 812 56 1,3,2,6,5,4,7,8 7 0
1486 812 58 1,3,4,5,2,8,7,6 30 0
1487 812 69 2,1,4,7,3,5,6,8 19 0
1488 813 46 1,4,2,6,3,5,8,7 89 0
1489 813 60 2,7,3,4,1,6,8,5 98 0
1490 813 65 1,3,6,4,2,8,7,5 45 0
1491 814 27 1,2,7,6,3,4,5,8 101 0
1492 814 69 1,4,3,2,8,7,5,6 18 0
1493 815 63 8,5,2,3,7,6,1,4 109 0
1494 818 32 2,1,8,6,7,5,4,3 15 0
1495 818 51 1,2,7,6,5,8,3,4 66 0
1496 819 27 3,4,2,6,1,5,8,7 30 0
1497 819 46 1,6,4,3,5,2,7,8 44 0
1498 819 58 4,3,1,6,7,8,2,5 31 0
1499 820 43 3,4,5,1,6,2,8,7 31 0
1500 822 43 1,2,5,3,4,7,6,8 83 0
1501 823 43 1,2,3,7,4,5,6,8 7 0
1502 823 57 2,1,5,7,4,3,8,6 0 0
1503 823 60 2,3,1,4,7,5,6,8 6 0
1504 824 52 4,1,2,3,5,6,7,8 15 0
1505 825 55 1,3,7,4,5,6,2,8 66 0
1506 825 59 3,4,8,1,7,2,5,6 1 0
1507 830 59 6,2,3,4,1,5,8,7 64 0
1508 832 49 1,4,2,3,5,6,8,7 38 0
1509 834 69 1,8,2,5,3,7,6,4 24 0
1510 837 24 5,7,6,8,1,2,3,4 6 0
1511 837 32 2,1,3,4,7,5,8,6 3 0
1512 837 51 3,1,4,2,5,6,8,7 9 0
1513 837 56 1,3,2,4,5,6,7,8 6 0
1514 846 45 6,1,3,2,7,4,5,8 60 0
1515 846 56 2,1,5,4,6,8,3,7 28 0
1516 846 68 2,4,1,7,6,8,3,5 13 0
1517 847 60 2,1,7,3,6,4,8,5 80 0
1518 848 30 4,6,3,5,8,7,2,1 45 0
1519 848 65 1,4,2,3,6,8,7,5 4 0
1520 848 66 1,3,4,6,2,5,8,7 108 0
1521 849 33 2,5,1,3,7,8,6,4 13 0
1522 849 57 1,3,6,4,5,8,2,7 59 0
1523 849 58 1,3,7,6,4,2,8,5 1 0
1524 849 68 1,2,3,8,7,6,5,4 2 0
1525 850 36 1,3,4,6,2,5,7,8 126 0
1526 850 50 1,4,3,6,2,8,5,7 114 0
1527 850 68 4,1,2,5,6,3,8,7 13 0
1528 851 7 1,5,7,3,2,6,4,8 118 0
1529 851 23 1,7,6,8,2,3,5,4 118 0
1530 851 29 1,5,6,2,7,8,4,3 39 0
1531 853 63 1,7,3,5,6,4,2,8 24 0
1532 859 44 5,2,3,4,8,1,7,6 22 0
1533 859 61 1,6,4,3,2,5,7,8 1 0
1534 859 69 5,1,7,3,2,6,4,8 71 0
1535 862 32 3,5,6,4,7,2,1,8 13 0
1536 863 30 1,2,7,4,3,8,5,6 5 0
1537 863 32 1,2,3,8,7,4,6,5 4 0
1538 863 49 2,1,7,4,3,8,5,6 6 0
1539 863 53 1,2,3,8,4,7,5,6 2 0
1540 863 54 8,2,4,1,3,7,6,5 76 0
1541 865 60 1,3,4,2,6,5,7,8 115 0
1542 865 67 4,3,2,1,6,5,7,8 112 0
1543 868 51 2,1,4,7,3,5,6,8 4 0
1544 868 60 5,3,6,1,7,4,2,8 48 0
1545 870 58 1,4,2,7,6,3,5,8 5 0
1546 870 66 4,1,2,3,7,6,5,8 15 0
1547 871 63 2,7,3,5,1,4,6,8 50 0
1548 871 69 3,4,2,8,1,6,7,5 15 0
1549 874 21 1,5,2,6,4,3,8,7 64 0
1550 874 28 4,1,2,5,6,3,8,7 90 0
1551 874 47 4,5,3,1,2,6,7,8 68 0
1552 874 48 1,3,5,4,7,6,2,8 6 0
1553 874 60 1,3,6,5,4,2,7,8 73 0
1554 874 69 2,1,3,5,4,6,8,7 4 0
1555 875 20 3,2,1,4,7,6,5,8 0 0
1556 875 29 1,2,3,4,7,6,5,8 0 0
1557 875 49 2,1,7,6,3,4,5,8 19 0
1558 875 52 1,2,6,5,4,3,8,7 91 0
1559 875 58 1,2,6,3,4,7,5,8 91 0
1560 875 64 1,2,3,4,7,6,8,5 0 0
1561 875 67 2,1,4,5,3,7,6,8 91 0
1562 876 34 2,1,7,4,3,6,8,5 89 0
1563 877 32 1,3,4,5,7,6,8,2 44 0
1564 877 34 7,5,2,1,3,6,4,8 115 0
1565 877 53 1,8,2,4,5,3,6,7 110 0
1566 878 32 2,1,3,6,8,4,7,5 7 0
1567 878 60 1,2,3,6,4,5,7,8 7 0
1568 879 69 2,1,4,3,7,6,5,8 115 0
1569 881 3 5,1,3,2,6,4,7,8 27 0
1570 881 9 1,4,3,7,2,8,6,5 31 0
1571 881 29 1,3,2,5,6,8,4,7 4 0
1572 881 50 1,3,8,4,6,2,7,5 123 0
1573 881 52 2,1,3,5,4,6,7,8 4 0
1574 881 55 7,2,3,1,4,6,5,8 59 0
1575 882 24 1,2,6,3,7,4,5,8 38 0
1576 882 29 2,4,3,1,7,6,8,5 35 0
1577 882 40 1,3,6,8,4,7,2,5 73 0
1578 882 59 1,4,2,7,8,6,3,5 45 0
1579 883 34 1,4,3,2,6,7,8,5 44 0
1580 884 54 1,2,3,6,4,7,5,8 0 0
1581 885 24 1,2,3,6,5,8,4,7 5 0
1582 885 37 1,3,5,6,7,8,4,2 3 0
1583 888 32 3,2,1,4,8,6,7,5 4 0
1584 888 44 1,3,2,5,4,6,8,7 1 0
1585 891 64 4,8,3,6,5,2,1,7 8 0
1586 892 64 4,1,3,5,8,6,2,7 12 0
1587 895 4 1,6,4,7,3,8,2,5 82 0
1588 895 13 2,5,4,1,3,6,7,8 36 0
1589 895 20 1,7,2,3,4,6,8,5 4 0
1590 895 64 4,1,7,2,6,8,5,3 91 0
1591 896 33 5,3,4,1,6,2,8,7 51 0
1592 896 59 2,1,5,4,3,8,7,6 3 0
1593 897 57 1,4,3,7,2,5,6,8 13 0
1594 899 61 4,1,2,3,8,6,7,5 12 0
1595 900 69 5,1,3,7,2,4,6,8 3 0
1596 901 31 1,8,3,2,7,4,5,6 36 0
1597 902 21 2,1,3,5,4,7,6,8 4 0
1598 902 52 2,1,3,5,4,7,8,6 4 0
1599 902 68 1,2,3,4,6,5,8,7 0 0
1600 906 65 1,5,3,4,6,8,7,2 50 0
1601 907 54 2,7,1,5,6,3,8,4 13 0
1602 907 62 1,4,5,2,6,3,8,7 111 0
1603 908 56 6,2,4,5,3,1,7,8 6 0
1604 909 32 2,1,6,3,4,5,8,7 112 0
1605 909 57 2,3,6,4,8,7,1,5 43 0
1606 910 34 4,1,2,8,6,5,3,7 17 0
1607 910 53 1,3,2,5,4,6,8,7 1 0
1608 910 65 1,8,4,2,3,7,6,5 18 0
1609 911 61 1,3,4,2,5,6,7,8 44 0
1610 913 44 1,3,2,5,7,4,6,8 1 0
1611 913 61 2,1,3,4,6,5,8,7 3 0
1612 914 50 4,6,3,2,1,5,7,8 3 0
1613 914 57 1,2,5,4,6,3,8,7 0 0
1614 914 65 1,2,6,3,5,4,7,8 38 0
1615 915 64 5,4,1,2,3,6,7,8 31 0
1616 916 66 1,2,3,4,5,7,6,8 0 0
1617 917 62 2,1,6,3,7,5,4,8 48 0
1618 919 23 1,3,5,7,2,4,6,8 6 0
1619 919 28 1,6,2,4,5,3,7,8 125 0
1620 919 44 2,1,4,3,5,8,6,7 79 0
1621 919 45 1,6,3,4,2,5,8,7 50 0
1622 920 44 2,1,3,6,4,5,7,8 2 0
1623 920 49 1,2,3,5,7,4,8,6 5 0
1624 921 53 1,3,2,5,4,7,8,6 1 0
1625 922 11 5,2,6,1,4,3,8,7 73 0
1626 922 22 3,1,5,4,7,2,6,8 24 0
1627 922 45 1,2,4,6,8,3,5,7 80 0
1628 922 56 6,7,4,1,5,2,3,8 15 0
1629 922 68 6,1,4,3,7,2,5,8 36 0
1630 923 52 3,4,6,2,1,7,5,8 64 0
1631 923 65 1,5,2,4,3,6,7,8 114 0
1632 925 0 3,1,2,6,5,4,7,8 14 0
1633 925 24 1,2,5,6,3,8,4,7 50 0
1634 925 53 7,3,8,2,5,4,1,6 102 0
1635 925 62 1,8,6,2,7,3,4,5 45 0
1636 926 13 2,1,4,8,7,5,3,6 6 0
1637 926 27 1,7,2,3,4,8,5,6 1 0
1638 926 39 1,3,7,6,5,2,4,8 67 0
1639 927 31 4,3,1,2,5,7,8,6 12 0
1640 928 44 8,7,1,3,4,2,6,5 15 0
1641 929 21 1,2,4,7,3,5,6,8 88 0
1642 931 57 8,1,4,7,5,6,3,2 37 0
1643 932 68 1,2,6,5,4,7,8,3 39 0
1644 933 30 3,1,7,5,4,6,2,8 121 0
1645 933 61 1,2,3,6,8,7,4,5 4 0
1646 933 67 4,2,6,1,8,7,3,5 25 0
1647 934 34 2,1,3,4,6,7,5,8 3 0
1648 934 54 3,1,4,2,7,5,6,8 64 0
1649 939 27 6,1,2,5,4,7,3,8 12 0
1650 939 50 1,2,5,8,6,4,7,3 44 0
1651 940 59 2,1,4,3,5,6,8,7 47 0
1652 940 61 1,3,4,6,2,5,7,8 40 0
1653 941 48 7,6,1,2,8,4,5,3 78 0
1654 941 50 8,6,1,2,7,4,3,5 90 0
1655 942 12 1,7,3,5,2,8,4,6 50 0
1656 942 29 1,8,7,3,2,4,5,6 30 0
1657 943 33 7,4,1,2,3,5,8,6 48 0
1658 943 51 1,2,5,8,4,3,6,7 15 0
1659 943 54 8,1,3,4,5,6,7,2 125 0
1660 944 62 2,1,4,3,7,6,8,5 101 0
1661 946 41 2,1,3,4,6,5,7,8 5 0
1662 947 51 8,3,2,5,7,4,6,1 112 0
1663 953 52 2,6,1,3,5,4,7,8 7 0
1664 953 59 1,2,4,6,3,7,8,5 17 0
1665 953 63 1,4,2,6,3,5,8,7 27 0
1666 953 68 3,4,1,2,5,6,7,8 31 0
1667 954 65 1,3,5,6,7,8,2,4 6 0
1668 955 51 1,3,5,4,2,6,8,7 70 0
1669 955 58 3,5,1,4,2,6,7,8 82 0
1670 958 41 2,3,1,7,4,5,6,8 7 0
1671 958 65 1,5,2,3,6,4,7,8 0 0
1672 962 69 2,1,4,3,6,5,8,7 50 0
1673 963 14 2,4,3,6,7,8,5,1 92 0
1674 967 27 2,1,8,3,7,6,4,5 126 0
1675 967 30 1,2,3,7,5,6,4,8 0 0
1676 968 14 2,1,7,5,4,8,3,6 113 0
1677 968 31 1,2,3,6,5,4,7,8 4 0
1678 968 63 2,6,5,1,8,3,4,7 48 0
1679 969 11 1,3,2,5,4,7,8,6 1 0
1680 969 28 1,2,5,3,4,7,8,6 51 0
1681 969 50 1,2,4,3,7,6,5,8 59 0
1682 969 57 1,2,3,6,4,8,7,5 7 0
1683 972 38 2,5,6,1,7,8,4,3 52 0
1684 972 57 4,1,5,2,3,8,6,7 105 0
1685 973 62 1,4,3,5,2,6,8,7 13 0
1686 973 65 1,2,5,3,6,4,7,8 32 0
1687 974 28 1,2,4,3,5,6,7,8 51 0
1688 974 64 4,2,1,6,3,5,8,7 56 0
1689 976 38 2,1,6,4,3,5,7,8 45 0
1690 976 67 1,3,4,5,2,6,7,8 1 0
1691 978 33 1,3,2,4,5,6,7,8 6 0
1692 978 44 2,5,1,3,7,6,4,8 1 0
1693 978 49 2,5,7,3,4,8,6,1 60 0
1694 978 57 6,3,2,5,8,7,1,4 62 0
1695 979 6 5,6,2,4,7,1,8,3 109 0
1696 979 14 3,1,5,2,6,4,8,7 34 0
1697 979 20 6,3,1,4,7,8,5,2 39 0
1698 979 52 6,1,4,3,8,2,7,5 15 0
1699 979 64 2,4,5,7,1,3,6,8 118 0
1700 979 65 1,2,6,5,7,3,8,4 47 0
1701 980 28 1,3,2,4,5,6,7,8 6 0
1702 980 32 1,5,3,2,6,7,4,8 6 0
1703 980 37 3,7,1,4,5,6,2,8 114 0
1704 980 54 3,2,4,6,1,5,8,7 7 0
1705 980 63 1,5,2,3,4,6,8,7 1 0
1706 981 56 2,7,1,4,6,8,3,5 82 0
1707 981 64 1,4,5,3,2,7,6,8 25 0
1708 982 49 5,1,7,3,6,4,2,8 78 0
1709 983 34 3,1,7,2,6,4,5,8 69 0
1710 984 7 2,4,7,5,8,3,1,6 71 0
1711 984 19 1,3,8,2,5,6,7,4 121 0
1712 984 34 5,1,3,4,6,2,7,8 44 0
1713 984 66 2,1,6,3,8,4,5,7 46 0
1714 985 31 2,3,7,8,1,4,5,6 57 0
1715 986 38 1,5,6,2,3,4,8,7 51 0
1716 986 53 2,3,5,1,4,6,8,7 48 0
1717 986 63 5,6,8,2,4,7,1,3 75 0
1718 986 68 3,4,1,6,2,7,5,8 54 0
1719 987 11 1,5,3,7,6,8,4,2 7 0
1720 987 60 4,7,3,2,6,1,5,8 30 0
1721 987 69 3,1,5,2,7,8,4,6 23 0
1722 988 43 2,1,5,7,6,8,3,4 3 0
1723 988 69 4,6,3,5,1,2,7,8 26 0
1724 990 54 1,2,6,7,3,4,5,8 7 0
1725 990 59 1,2,3,4,8,5,7,6 0 0
1726 992 60 2,3,7,4,8,5,6,1 70 0
1727 992 69 1,7,5,6,2,3,4,8 45 0
1728 994 8 1,5,7,4,6,8,3,2 80 0
1729 994 24 2,1,3,5,8,7,4,6 6 0
1730 994 67 2,3,1,6,7,4,5,8 6 0
1731 995 33 3,2,6,1,5,4,7,8 31 0
1732 995 54 2,4,3,1,6,7,8,5 3 0
1733 995 62 1,5,4,6,8,7,3,2 17 0
1734 996 32 1,2,3,7,8,4,5,6 5 0
1735 996 53 4,8,1,2,3,5,7,6 38 0
1736 1004 13 1,4,3,2,6,7,5,8 87 0
1737 1004 30 1,2,3,5,6,4,7,8 7 0
1738 1005 43 3,1,2,6,5,4,7,8 3 0
1739 1005 60 1,4,7,3,8,6,2,5 17 0
1740 1006 63 5,2,7,3,1,4,6,8 64 0
1741 1007 63 3,8,1,5,4,2,6,7 5 0
1742 1007 68 6,7,3,2,5,8,1,4 24 0
1743 1009 34 4,6,2,3,7,8,5,1 12 0
1744 1009 44 1,2,4,3,6,5,7,8 12 0
1745 1009 53 3,5,1,2,4,6,8,7 39 0
1746 1009 57 1,2,3,4,5,6,7,8 0 0
1747 1009 62 2,1,3,5,7,4,8,6 0 0
1748 1009 65 1,2,6,5,3,7,8,4 63 0
1749 1010 29 2,1,4,3,8,5,7,6 47 0
1750 1010 65 1,3,2,5,6,4,8,7 1 0
1751 1010 69 1,5,3,8,7,2,6,4 2 0
1752 1011 48 4,3,1,2,7,6,5,8 12 0
1753 1011 69 1,4,6,8,7,2,5,3 83 0
1754 1012 66 5,6,2,3,1,4,7,8 64 0
1755 1014 48 1,3,5,7,2,4,6,8 3 0
1756 1015 27 1,2,3,4,5,6,7,8 0 0
1757 1015 34 5,4,2,1,3,7,6,8 28 0
1758 1015 50 1,3,2,4,5,6,8,7 6 0
1759 1015 59 2,1,3,7,4,5,8,6 6 0
1760 1018 29 3,5,4,1,2,6,7,8 27 0
1761 1019 60 3,1,6,2,4,5,8,7 38 0
1762 1021 8 1,4,2,8,7,5,3,6 15 0
1763 1022 42 1,4,3,2,5,7,6,8 0 0
1764 1022 60 3,4,1,2,5,7,6,8 0 0
1765 1022 63 1,3,2,4,7,5,8,6 2 0
1766 1022 65 1,2,3,6,8,7,5,4 7 0
1767 1024 60 1,3,2,5,4,7,6,8 1 0
1768 1025 54 1,2,5,8,3,7,4,6 0 0
1769 1031 65 2,1,6,7,5,4,8,3 102 0
1770 1032 25 2,4,3,8,1,7,6,5 13 0
1771 1032 54 1,5,4,7,2,6,8,3 78 0
1772 1035 62 4,1,5,2,3,7,8,6 54 0
1773 1039 28 1,8,3,4,5,7,2,6 8 0
1774 1044 63 2,1,7,4,6,5,8,3 7 0
1775 1045 17 1,5,6,2,3,7,4,8 48 0
1776 1045 64 4,7,5,3,2,1,6,8 120 0
1777 1045 67 1,3,6,4,8,7,2,5 0 0
1778 1046 41 1,6,7,4,5,2,3,8 102 0
1779 1047 44 1,6,4,2,5,3,8,7 72 0
1780 1047 57 7,2,5,3,4,1,8,6 64 0
1781 1049 54 1,6,4,3,5,8,2,7 14 0
1782 1049 66 1,2,3,5,7,4,6,8 7 0
1783 1051 24 1,2,3,7,5,6,4,8 4 0
1784 1051 56 1,5,3,4,2,6,7,8 50 0
1785 1052 54 1,6,5,2,4,8,7,3 8 0
1786 1056 0 5,4,1,7,3,2,6,8 9 0
1787 1056 14 1,3,2,6,4,5,7,8 1 0
1788 1056 32 2,1,7,5,3,6,4,8 44 0
1789 1056 51 1,5,3,6,4,2,8,7 19 0
1790 1056 64 1,3,2,4,8,6,7,5 6 0
1791 1056 67 4,3,2,1,5,7,6,8 15 0
1792 1057 10 1,2,7,3,6,5,4,8 64 0
1793 1057 27 1,3,2,6,5,4,7,8 4 0
1794 1057 50 3,2,4,6,1,5,7,8 7 0
1795 1057 59 1,4,2,3,8,7,5,6 6 0
1796 1057 69 5,2,7,4,6,1,8,3 80 0
1797 1058 40 4,1,2,6,7,3,5,8 47 0
1798 1058 50 4,5,2,8,3,1,7,6 126 0
1799 1058 60 4,1,3,2,8,7,6,5 9 0
1800 1058 69 1,2,3,4,6,5,8,7 4 0
1801 1059 53 2,4,5,1,3,7,6,8 28 0
1802 1059 57 3,1,2,8,4,7,6,5 7 0
1803 1059 64 3,2,6,1,5,4,8,7 33 0
1804 1059 66 2,8,3,7,5,4,1,6 103 0
1805 1060 52 1,2,3,5,4,8,7,6 7 0
1806 1060 67 2,1,4,5,6,3,8,7 123 0
1807 1061 43 5,8,1,3,4,7,6,2 49 0
1808 1061 65 1,7,4,5,2,6,3,8 76 0
1809 1062 53 3,5,1,4,6,7,2,8 55 0
1810 1062 66 2,4,1,7,5,6,8,3 12 0
1811 1064 69 1,8,7,2,4,5,3,6 3 0
1812 1065 41 2,3,4,1,5,8,6,7 15 0
1813 1065 69 4,1,2,3,7,5,6,8 68 0
1814 1067 24 3,4,5,2,6,1,7,8 0 0
1815 1067 28 1,6,4,2,8,7,5,3 45 0
1816 1067 30 3,6,7,8,2,1,5,4 36 0
1817 1067 53 5,4,6,8,3,1,2,7 0 0
1818 1067 57 2,7,3,1,8,4,5,6 43 0
1819 1067 59 1,2,3,6,5,4,8,7 4 0
1820 1067 61 1,3,7,8,6,5,2,4 40 0
1821 1068 49 4,6,1,3,2,5,7,8 0 0
1822 1068 55 3,2,1,5,7,8,4,6 7 0
1823 1068 59 2,6,1,5,4,3,8,7 33 0
1824 1068 63 1,2,3,4,6,5,7,8 1 0
1825 1069 6 7,8,2,1,3,4,5,6 28 0
1826 1069 8 4,1,6,7,3,5,8,2 36 0
1827 1069 50 3,8,7,4,5,1,6,2 111 0
1828 1070 53 2,4,1,6,3,5,7,8 13 0
1829 1070 64 1,2,3,4,7,8,6,5 0 0
1830 1071 61 1,4,2,3,7,5,8,6 51 0
1831 1072 24 1,8,3,6,4,5,2,7 123 0
1832 1072 68 2,1,6,4,3,8,7,5 59 0
1833 1074 3 4,1,7,6,2,8,3,5 7 0
1834 1074 32 4,7,2,1,5,6,3,8 12 0
1835 1074 61 1,2,5,6,8,3,4,7 83 0
1836 1074 67 3,2,8,4,7,1,6,5 1 0
1837 1075 23 1,7,6,2,5,4,3,8 123 0
1838 1075 54 2,4,3,5,1,6,8,7 18 0
1839 1075 66 1,7,3,8,2,6,4,5 126 0
1840 1076 52 2,6,1,4,5,8,3,7 115 0
1841 1076 64 1,4,3,5,2,8,7,6 13 0
1842 1076 67 3,5,6,4,7,1,2,8 50 0
1843 1077 52 3,2,1,5,4,6,8,7 7 0
1844 1079 11 3,1,2,6,4,5,8,7 0 0
1845 1079 29 4,1,3,2,7,6,8,5 13 0
1846 1079 31 1,4,2,3,5,7,8,6 25 0
1847 1079 48 1,8,2,6,4,7,3,5 59 0
1848 1079 54 1,8,4,5,7,6,3,2 26 0
1849 1080 52 2,1,6,4,3,7,8,5 83 0
1850 1080 69 2,5,1,4,3,8,6,7 82 0
1851 1082 53 3,5,2,4,1,6,8,7 18 0
1852 1083 36 3,4,2,6,1,7,5,8 11 0
1853 1085 69 5,4,6,1,3,8,2,7 46 0
1854 1088 56 1,3,4,8,5,2,6,7 1 0
1855 1088 69 3,4,2,1,6,7,8,5 3 0
1856 1092 44 4,3,2,5,1,8,7,6 62 0
1857 1092 62 1,3,2,6,8,4,5,7 1 0
1858 1092 67 1,2,3,5,8,4,6,7 7 0
1859 1093 66 1,2,5,4,3,6,7,8 95 0
1860 1095 67 1,4,7,8,3,2,5,6 27 0
1861 1097 33 2,5,3,6,4,8,7,1 27 0
1862 1097 41 3,2,4,8,6,7,1,5 1 0
1863 1097 59 1,3,2,5,4,6,8,7 1 0
1864 1098 64 2,8,5,1,4,6,7,3 107 0
1865 1101 29 2,7,1,8,5,6,4,3 82 0
1866 1101 43 2,4,8,1,3,5,7,6 51 0
1867 1101 51 1,7,2,8,5,6,3,4 82 0
1868 1101 54 1,8,2,3,7,6,5,4 46 0
1869 1101 67 2,1,3,5,6,4,8,7 4 0
1870 1102 48 2,1,6,4,3,5,7,8 1 0
1871 1102 63 2,1,3,6,4,7,5,8 6 0
1872 1103 60 1,2,3,4,7,8,6,5 2 0
1873 1103 63 2,1,4,3,5,8,6,7 15 0
1874 1104 65 1,3,7,4,2,6,8,5 0 0
1875 1105 62 2,1,3,8,5,6,7,4 3 0
1876 1106 57 3,2,5,6,1,7,4,8 9 0
1877 1106 68 4,1,5,8,2,6,3,7 80 0
1878 1109 62 2,4,1,5,3,6,8,7 109 0
1879 1112 64 2,8,5,7,1,4,3,6 66 0
1880 1112 67 3,6,4,5,7,1,2,8 45 0
1881 1113 12 1,2,6,5,8,7,3,4 37 0
1882 1113 60 4,8,7,3,5,1,6,2 71 0
1883 1116 66 1,2,5,7,6,8,4,3 19 0
1884 1117 32 3,4,1,2,5,8,7,6 0 0
1885 1117 52 1,2,7,3,5,4,6,8 67 0
1886 1118 65 1,4,2,7,3,8,6,5 13 0
1887 1127 18 2,1,5,6,3,4,7,8 48 0
1888 1127 63 4,3,1,2,5,6,7,8 19 0
1889 1128 34 2,1,3,4,5,8,7,6 3 0
1890 1128 58 1,6,7,2,3,4,8,5 1 0
1891 1128 62 1,7,3,6,8,4,5,2 7 0
1892 1131 38 1,4,3,2,7,6,5,8 0 0
1893 1131 54 2,1,3,4,5,7,6,8 3 0
1894 1131 63 2,1,3,6,5,4,8,7 4 0
1895 1131 66 1,3,4,2,5,6,8,7 12 0
1896 1132 28 1,4,3,2,7,5,6,8 90 0
1897 1132 64 2,1,4,7,5,3,8,6 78 0
1898 1132 67 3,1,4,6,2,5,8,7 86 0
1899 1133 19 1,3,2,7,8,6,5,4 2 0
1900 1133 30 2,3,1,4,7,6,5,8 6 0
1901 1133 44 5,3,1,8,6,7,2,4 77 0
1902 1134 69 4,2,1,5,6,3,7,8 26 0
1903 1136 49 3,7,4,8,2,5,6,1 114 0
1904 1138 53 1,4,6,2,7,3,5,8 32 0
1905 1139 51 1,2,3,4,7,6,5,8 7 0
1906 1141 3 1,8,5,6,2,3,4,7 98 0
1907 1141 23 2,5,1,7,8,6,4,3 0 0
1908 1141 27 6,3,1,2,7,5,4,8 39 0
1909 1141 63 5,2,3,6,7,4,8,1 18 0
1910 1142 49 2,1,3,5,4,6,7,8 4 0
1911 1145 6 2,3,4,5,1,6,7,8 1 0
1912 1145 34 5,2,4,7,3,1,6,8 3 0
1913 1145 51 3,1,4,5,8,2,7,6 12 0
1914 1146 53 1,8,6,7,3,2,5,4 113 0
1915 1147 65 1,5,3,4,2,6,8,7 109 0
1916 1150 62 4,3,6,5,1,2,7,8 8 0
1917 1153 54 5,3,6,1,2,4,7,8 39 0
1918 1154 47 2,1,5,3,4,6,8,7 48 0
1919 1161 66 1,2,3,7,8,6,4,5 7 0
1920 1162 53 1,2,3,5,8,6,4,7 7 0
1921 1162 64 2,1,3,4,6,8,5,7 7 0
1922 1162 66 2,6,4,1,5,3,8,7 16 0
1923 1163 34 4,3,2,1,7,6,5,8 15 0
1924 1163 53 2,1,3,4,8,7,5,6 3 0
1925 1163 62 2,1,5,6,8,7,3,4 63 0
1926 1163 65 1,3,2,4,8,7,6,5 6 0
1927 1164 66 1,2,5,3,4,6,8,7 19 0
1928 1166 53 5,3,1,4,2,6,8,7 70 0
1929 1166 62 2,3,1,5,7,4,8,6 3 0
1930 1167 34 2,1,3,4,5,7,6,8 3 0
1931 1169 62 2,4,1,6,3,5,7,8 49 0
1932 1174 23 2,1,6,7,3,5,4,8 12 0
1933 1174 31 1,2,4,3,8,5,6,7 12 0
1934 1178 58 1,5,2,7,3,4,6,8 66 0
1935 1179 34 1,3,7,2,5,6,8,4 66 0
1936 1179 65 2,5,1,4,6,3,8,7 13 0
1937 1182 48 7,8,1,4,2,3,5,6 127 0
1938 1183 62 3,4,5,1,6,2,8,7 24 0
1939 1185 21 1,3,2,5,4,6,8,7 1 0
1940 1185 28 8,7,1,4,2,5,3,6 82 0
1941 1188 32 6,7,3,5,8,4,1,2 119 0
1942 1189 65 1,3,4,7,6,2,8,5 51 0
1943 1190 45 1,2,3,4,8,7,5,6 3 0
1944 1192 62 2,3,1,5,6,7,4,8 1 0
1945 1198 53 3,2,5,1,7,6,4,8 22 0
1946 1204 68 1,2,6,8,3,5,4,7 30 0
1947 1206 24 1,3,5,2,7,6,4,8 19 0
1948 1206 41 1,2,5,3,7,4,6,8 19 0
1949 1207 47 4,2,1,3,6,5,8,7 15 0
1950 1215 68 1,2,3,4,5,8,7,6 0 0
1951 1219 53 1,5,2,3,6,8,4,7 1 0
1952 1231 43 1,8,5,6,4,2,3,7 125 0
1953 1233 29 3,5,2,7,1,8,4,6 29 0
1954 1233 33 2,5,1,6,7,4,3,8 30 0
1955 1234 68 2,4,8,6,3,5,7,1 77 0
1956 1236 65 1,3,2,4,7,5,6,8 6 0
1957 1237 13 1,2,4,5,7,6,3,8 102 0
1958 1237 44 1,2,4,3,6,8,5,7 102 0
1959 1237 57 1,2,4,3,7,6,5,8 102 0
1960 1237 58 3,1,5,2,7,6,4,8 22 0
1961 1237 69 1,2,6,4,8,5,3,7 7 0
1962 1238 2 2,1,3,5,4,6,7,8 0 0
1963 1238 40 1,7,8,3,2,4,6,5 26 0
1964 1241 24 1,7,4,2,6,3,8,5 14 0
1965 1241 65 3,1,8,6,2,4,7,5 4 0
1966 1241 69 2,7,1,4,6,3,8,5 0 0
1967 1242 62 1,2,6,3,5,4,7,8 93 0
1968 1244 52 2,7,1,4,5,6,3,8 70 0
1969 1245 40 1,2,3,4,5,7,6,8 0 0
1970 1245 58 1,3,2,4,6,5,7,8 6 0
1971 1247 21 6,2,3,1,8,4,5,7 114 0
1972 1247 59 1,5,4,2,7,3,8,6 71 0
1973 1247 69 1,5,4,2,7,3,8,6 71 0
1974 1248 34 3,1,4,5,2,7,6,8 27 0
1975 1251 48 4,2,1,8,6,7,5,3 100 0
1976 1251 50 4,3,1,2,6,5,7,8 101 0
1977 1251 57 2,1,6,7,4,3,5,8 7 0
1978 1251 69 2,1,6,7,4,3,5,8 7 0
1979 1254 54 6,2,5,1,4,7,8,3 51 0
1980 1255 46 1,2,6,3,4,5,7,8 90 0
1981 1255 57 3,4,1,2,6,5,7,8 86 0
1982 1255 69 4,1,5,2,7,8,6,3 71 0
1983 1256 53 1,2,8,5,6,7,3,4 64 0
1984 1263 60 2,1,4,3,5,7,6,8 47 0
1985 1266 69 3,1,2,6,4,7,8,5 5 0
1986 1270 33 1,3,4,8,5,6,2,7 1 0
1987 1270 54 4,1,8,3,2,5,7,6 127 0
1988 1270 66 1,3,2,4,5,7,6,8 6 0
1989 1271 68 6,7,2,1,8,3,5,4 30 0
1990 1273 34 1,3,2,5,7,4,6,8 1 0
1991 1288 33 2,4,3,6,5,1,8,7 15 0
1992 1299 65 1,4,3,2,6,5,8,7 1 0
1993 1300 38 1,8,5,2,3,4,6,7 8 0
1994 1300 43 1,3,2,4,5,7,6,8 6 0
1995 1305 55 3,1,2,6,4,7,5,8 0 0
1996 1306 67 2,3,1,7,4,6,5,8 1 0
1997 1307 21 1,4,3,5,8,7,2,6 13 0
1998 1307 32 2,3,5,1,6,7,4,8 47 0
1999 1307 43 1,2,7,3,5,4,6,8 60 0
2000 1307 53 6,3,2,4,1,5,8,7 41 0
2001 1308 57 4,1,2,3,5,6,7,8 15 0
2002 1309 60 1,3,5,2,7,4,6,8 18 0
2003 1309 61 1,5,3,4,2,8,7,6 18 0
2004 1310 62 2,1,6,3,5,7,4,8 37 0
2005 1313 64 3,1,7,4,2,5,8,6 104 0
2006 1315 50 8,3,5,1,2,4,7,6 83 0
2007 1318 54 2,6,5,3,4,7,1,8 112 0
2008 1319 58 3,5,4,1,2,6,7,8 4 0
2009 1319 67 2,1,3,6,8,4,5,7 3 0
2010 1320 54 3,6,1,4,7,8,2,5 13 0
2011 1320 59 2,1,7,6,3,4,5,8 18 0
2012 1321 29 1,2,6,4,5,3,8,7 97 0
2013 1321 67 2,1,4,5,6,3,7,8 5 0
2014 1322 62 4,7,5,1,8,2,6,3 62 0
2015 1322 67 2,3,1,6,8,5,7,4 7 0
2016 1324 44 3,2,4,1,6,8,5,7 13 0
2017 1324 50 5,1,2,3,6,8,4,7 110 0
2018 1327 13 6,4,3,1,7,8,2,5 86 0
2019 1327 18 7,1,3,2,6,8,5,4 70 0
2020 1327 27 1,4,8,7,2,3,6,5 118 0
2021 1327 41 1,2,5,3,4,6,8,7 83 0
2022 1328 37 4,3,6,5,2,7,8,1 48 0
2023 1329 43 1,2,6,5,4,3,8,7 113 0
2024 1330 55 1,2,3,5,4,6,8,7 7 0
2025 1330 64 3,7,5,1,8,2,6,4 6 0
2026 1332 68 4,5,7,1,6,3,2,8 8 0
2027 1333 60 3,1,2,6,4,8,7,5 5 0
2028 1361 14 3,4,8,5,7,1,2,6 116 0
2029 1361 55 5,6,2,1,7,8,3,4 68 0
2030 1365 67 2,1,5,4,6,8,7,3 62 0
2031 1366 56 2,1,5,3,6,4,7,8 18 0
2032 1367 67 1,2,3,7,5,8,6,4 7 0
2033 1370 44 1,2,5,3,6,4,7,8 108 0
2034 1374 43 1,4,2,3,5,8,7,6 57 0
2035 1374 69 1,3,2,4,5,6,7,8 6 0
2036 1377 33 5,2,1,7,3,6,4,8 1 0
2037 1377 39 1,4,8,5,2,6,7,3 104 0
2038 1377 49 1,2,3,5,6,4,8,7 6 0
2039 1377 57 3,8,2,1,5,6,7,4 2 0
2040 1377 64 5,3,1,4,8,2,6,7 22 0
2041 1378 47 2,6,1,3,7,4,5,8 4 0
2042 1378 48 4,8,1,7,3,5,2,6 122 0
2043 1378 69 2,1,3,4,6,7,5,8 6 0
2044 1379 24 6,2,1,3,5,4,7,8 95 0
2045 1379 68 1,5,2,3,4,6,8,7 94 0
2046 1380 49 2,1,5,3,6,4,7,8 111 0
2047 1380 61 1,5,3,6,2,8,7,4 109 0
2048 1382 64 3,1,2,4,7,5,6,8 3 0
2049 1396 27 7,6,3,2,1,4,5,8 114 0
2050 1396 49 3,1,7,5,2,4,8,6 125 0
2051 1396 53 1,2,8,3,6,4,7,5 33 0
2052 1397 27 2,6,5,3,1,4,7,8 6 0
2053 1397 38 1,2,3,6,4,5,7,8 1 0
2054 1397 50 1,2,5,6,3,4,8,7 127 0
2055 1397 56 3,1,5,2,4,6,7,8 22 0
2056 1397 69 2,1,6,4,7,3,5,8 7 0
2057 1398 58 1,2,6,4,3,5,8,7 6 0
2058 1398 65 1,4,3,5,2,6,8,7 45 0
2059 1401 37 2,1,3,6,5,8,7,4 7 0
2060 1401 65 1,3,6,2,4,5,7,8 33 0
2061 1402 11 1,3,2,6,5,4,8,7 1 0
2062 1402 18 2,6,8,7,1,5,4,3 32 0
2063 1403 37 1,3,2,7,5,8,6,4 6 0
2064 1403 54 2,4,6,1,8,3,5,7 6 0
2065 1403 62 1,5,3,2,4,8,7,6 7 0
2066 1403 67 1,5,3,2,4,8,7,6 7 0
2067 1404 60 1,4,8,2,3,5,7,6 4 0
2068 1405 69 1,4,5,6,2,8,3,7 70 0
2069 1407 63 2,1,5,7,8,4,3,6 0 0
2070 1407 66 5,2,4,3,1,6,8,7 44 0
2071 1408 14 1,2,7,8,5,6,3,4 1 0
2072 1408 32 1,6,5,7,4,8,2,3 55 0
2073 1409 58 1,3,2,4,8,6,7,5 6 0
2074 1409 62 5,2,6,1,8,3,7,4 52 0
2075 1411 57 1,2,4,5,6,8,3,7 71 0
2076 1412 58 3,1,4,2,8,6,5,7 9 0
2077 1412 62 1,5,2,6,7,3,8,4 31 0
2078 1414 56 1,3,4,8,2,6,5,7 1 0
2079 1414 62 2,4,5,1,8,3,6,7 121 0
2080 1416 28 1,2,6,7,4,3,8,5 6 0
2081 1416 69 1,2,4,6,3,8,7,5 108 0
2082 1418 23 4,5,6,1,2,3,7,8 54 0
2083 1418 65 1,4,2,3,8,6,7,5 6 0
2084 1419 69 1,3,2,5,7,4,8,6 0 0
2085 1421 54 2,5,1,3,7,8,6,4 12 0
2086 1421 69 4,6,1,5,2,3,7,8 30 0
2087 1447 21 1,7,2,3,4,6,8,5 7 0
2088 1461 30 2,4,6,1,7,3,5,8 71 0
2089 1465 59 2,4,6,1,7,3,5,8 6 0
2090 1468 64 1,4,5,7,2,3,6,8 31 0
2091 1475 55 5,1,2,3,7,6,4,8 50 0
2092 1481 33 1,3,5,7,2,4,6,8 89 0
2093 1481 62 4,1,7,2,8,6,3,5 13 0
2094 1483 52 1,2,5,3,4,6,7,8 83 0
2095 1483 61 1,6,3,2,5,4,7,8 127 0
2096 1484 59 1,4,2,3,7,8,5,6 37 0
2097 1484 69 2,1,3,4,6,5,8,7 4 0
2098 1485 64 3,7,4,1,6,2,8,5 73 0
2099 1495 42 6,1,2,4,3,5,8,7 58 0
2100 1496 22 1,5,7,8,4,2,6,3 118 0
2101 1496 38 1,3,4,2,5,6,7,8 115 0
2102 1496 62 1,2,5,4,7,3,6,8 19 0
2103 1497 48 2,1,8,5,3,4,7,6 4 0
2104 1499 47 1,2,3,6,5,4,7,8 0 0
2105 1510 3 7,1,5,8,6,2,3,4 79 0
2106 1511 21 2,3,1,5,6,4,7,8 1 0
2107 1515 54 1,4,3,2,6,8,5,7 0 0
2108 1518 32 8,2,1,3,7,4,5,6 127 0
2109 1518 46 7,1,8,2,3,5,4,6 66 0
2110 1518 52 7,1,8,4,5,2,3,6 67 0
2111 1521 12 2,1,3,4,5,6,7,8 3 0
2112 1521 53 3,4,5,1,2,6,8,7 99 0
2113 1522 48 1,3,2,4,6,5,8,7 6 0
2114 1522 50 1,6,2,7,8,3,4,5 0 0
2115 1522 55 1,3,6,7,8,5,4,2 99 0
2116 1525 38 1,2,3,7,4,6,5,8 1 0
2117 1525 46 1,3,5,4,2,6,8,7 6 0
2118 1528 21 3,1,7,8,4,5,2,6 41 0
2119 1528 33 2,1,5,3,7,8,6,4 60 0
2120 1529 63 2,8,5,1,4,6,7,3 80 0
2121 1536 49 2,1,3,4,5,7,6,8 3 0
2122 1537 29 1,2,3,4,5,6,7,8 0 0
2123 1537 60 1,3,4,2,6,5,7,8 26 0
2124 1538 49 1,4,2,3,6,5,7,8 82 0
2125 1538 69 2,1,5,3,4,7,6,8 16 0
2126 1545 44 2,6,7,8,1,5,3,4 4 0
2127 1549 30 2,1,4,6,5,3,8,7 18 0
2128 1549 41 1,2,3,4,5,7,6,8 0 0
2129 1549 59 1,2,3,4,5,6,7,8 0 0
2130 1549 69 1,2,4,6,5,3,8,7 17 0
2131 1550 33 1,4,3,5,6,2,8,7 82 0
2132 1550 64 3,2,4,7,6,8,1,5 11 0
2133 1550 65 4,5,2,1,3,6,7,8 4 0
2134 1551 48 4,3,7,2,5,8,1,6 72 0
2135 1551 54 3,4,6,1,5,2,8,7 45 0
2136 1551 56 2,3,6,1,4,5,7,8 33 0
2137 1551 66 1,5,4,3,2,7,6,8 30 0
2138 1552 53 3,4,2,1,7,6,5,8 92 0
2139 1553 32 2,1,3,6,4,5,8,7 4 0
2140 1553 60 3,1,2,6,4,5,7,8 4 0
2141 1556 42 3,1,6,2,4,5,7,8 94 0
2142 1556 53 2,1,4,5,7,3,6,8 91 0
2143 1556 64 4,1,3,5,2,8,6,7 91 0
2144 1556 66 1,6,2,7,3,4,8,5 90 0
2145 1558 61 1,3,2,5,7,6,4,8 1 0
2146 1559 50 2,1,5,6,4,7,3,8 0 0
2147 1560 33 2,1,4,5,3,8,6,7 100 0
2148 1563 12 1,7,4,3,8,5,6,2 95 0
2149 1563 29 1,7,3,2,4,8,6,5 23 0
2150 1563 53 1,8,3,4,6,5,7,2 94 0
2151 1564 52 4,3,1,8,6,5,7,2 83 0
2152 1566 33 2,1,4,3,7,5,6,8 59 0
2153 1566 65 1,4,2,3,5,6,8,7 57 0
2154 1569 2 1,3,6,8,5,4,2,7 7 0
2155 1569 8 6,1,2,3,4,5,8,7 32 0
2156 1569 34 1,2,7,8,4,3,6,5 35 0
2157 1569 42 4,1,3,2,5,6,7,8 9 0
2158 1569 53 2,8,1,7,6,5,3,4 96 0
2159 1570 23 7,8,6,4,3,5,1,2 65 0
2160 1570 27 1,2,6,7,3,4,5,8 111 0
2161 1571 14 3,1,2,4,7,5,6,8 0 0
2162 1572 53 1,6,4,8,3,7,5,2 36 0
2163 1573 55 1,7,2,3,4,6,5,8 120 0
2164 1581 60 3,1,2,8,5,6,4,7 6 0
2165 1587 42 1,4,5,7,2,3,6,8 8 0
2166 1587 50 3,4,2,6,1,7,8,5 28 0
2167 1587 62 3,2,5,1,7,6,4,8 22 0
2168 1588 23 4,1,5,6,2,8,3,7 48 0
2169 1588 57 3,1,4,5,7,6,2,8 62 0
2170 1589 62 2,1,3,5,6,7,4,8 3 0
2171 1592 65 1,4,7,3,2,6,5,8 38 0
2172 1603 54 4,2,1,5,7,8,6,3 26 0
2173 1606 34 7,2,1,3,8,4,5,6 99 0
2174 1606 53 1,8,7,2,3,4,5,6 40 0
2175 1612 62 2,4,1,5,3,7,6,8 13 0
2176 1613 61 1,2,4,3,5,6,7,8 115 0
2177 1614 63 1,3,2,7,4,8,6,5 0 0
2178 1615 66 1,2,5,3,4,7,8,6 19 0
2179 1618 28 2,7,6,8,3,1,5,4 77 0
2180 1618 61 1,7,2,3,6,4,8,5 5 0
2181 1619 28 4,2,1,3,5,6,7,8 12 0
2182 1619 35 2,4,1,5,6,3,7,8 4 0
2183 1619 54 3,1,4,5,6,2,7,8 27 0
2184 1620 25 2,1,4,3,7,5,8,6 112 0
2185 1620 30 1,2,3,4,6,5,8,7 3 0
2186 1624 38 3,1,2,4,7,5,6,8 3 0
2187 1625 18 2,4,5,3,1,7,8,6 25 0
2188 1625 42 6,1,4,5,3,2,7,8 95 0
2189 1625 68 1,2,7,3,6,8,4,5 90 0
2190 1626 39 3,1,7,8,6,5,2,4 50 0
2191 1626 64 1,2,4,7,3,5,8,6 6 0
2192 1626 66 2,1,4,7,8,5,6,3 15 0
2193 1627 44 1,6,3,4,2,5,8,7 30 0
2194 1627 51 3,2,1,7,4,5,8,6 4 0
2195 1628 16 4,2,3,1,7,8,5,6 114 0
2196 1628 35 3,1,4,2,6,5,8,7 36 0
2197 1632 42 1,3,7,5,6,8,4,2 87 0
2198 1633 14 8,6,2,3,4,1,7,5 93 0
2199 1633 41 2,4,5,6,3,1,7,8 6 0
2200 1635 13 2,1,5,3,6,4,8,7 29 0
2201 1644 38 2,1,3,6,8,7,5,4 3 0
2202 1649 61 2,3,1,4,8,5,6,7 6 0
2203 1650 51 1,3,2,5,4,6,7,8 1 0
2204 1651 61 3,1,2,5,4,6,7,8 4 0
2205 1651 62 3,1,2,4,7,8,5,6 3 0
2206 1652 31 3,4,1,5,2,6,7,8 109 0
2207 1652 68 1,2,4,6,8,3,7,5 12 0
2208 1654 9 3,4,7,1,8,2,5,6 71 0
2209 1655 60 1,4,7,3,6,8,2,5 76 0
2210 1655 62 1,3,6,2,4,5,8,7 38 0
2211 1657 66 2,3,7,1,6,8,4,5 69 0
2212 1657 67 6,3,2,4,8,5,1,7 123 0
2213 1661 53 1,4,2,8,3,7,5,6 88 0
2214 1663 65 1,3,4,2,5,6,7,8 12 0
2215 1664 69 1,3,2,4,7,5,6,8 1 0
2216 1665 59 1,2,3,4,5,6,7,8 0 0
2217 1670 60 3,1,6,2,4,5,8,7 34 0
2218 1675 14 1,2,3,6,4,7,5,8 7 0
2219 1675 27 1,2,3,5,8,4,6,7 3 0
2220 1676 38 1,2,5,4,3,6,7,8 32 0
2221 1679 51 2,1,4,3,8,5,7,6 13 0
2222 1679 62 1,2,3,5,6,4,8,7 0 0
2223 1680 12 1,2,7,5,3,4,8,6 81 0
2224 1680 29 1,4,2,7,3,8,6,5 114 0
2225 1680 64 1,2,4,3,5,6,7,8 115 0
2226 1681 43 4,1,2,3,5,6,7,8 111 0
2227 1686 65 1,2,3,4,5,6,7,8 0 0
2228 1691 57 4,2,1,6,3,5,8,7 16 0
2229 1692 42 6,7,1,2,3,4,5,8 125 0
2230 1695 14 3,1,2,4,8,7,5,6 2 0
2231 1695 15 2,5,6,1,8,3,4,7 2 0
2232 1695 22 1,3,4,5,2,6,8,7 33 0
2233 1695 32 1,6,2,5,8,4,3,7 99 0
2234 1696 24 2,1,3,6,4,7,5,8 1 0
2235 1696 35 4,2,5,7,1,6,3,8 51 0
2236 1696 51 1,3,5,2,4,6,7,8 76 0
2237 1696 62 2,5,1,6,4,3,7,8 0 0
2238 1696 67 2,6,1,8,5,7,4,3 121 0
2239 1697 10 3,1,2,8,6,4,5,7 3 0
2240 1697 34 4,5,1,2,3,6,8,7 24 0
2241 1697 62 2,5,3,4,7,8,1,6 6 0
2242 1697 65 1,2,4,3,5,7,6,8 83 0
2243 1698 19 2,1,4,3,6,7,8,5 15 0
2244 1698 52 1,5,8,6,4,3,2,7 47 0
2245 1698 63 3,7,6,8,2,1,4,5 67 0
2246 1699 64 1,5,3,4,2,7,6,8 18 0
2247 1701 33 3,2,1,5,7,8,6,4 6 0
2248 1701 36 5,1,3,8,7,4,2,6 2 0
2249 1701 54 2,3,4,1,6,5,7,8 15 0
2250 1701 62 1,5,4,8,6,7,2,3 8 0
2251 1702 47 2,1,3,7,5,4,6,8 7 0
2252 1702 62 3,5,4,2,1,6,7,8 71 0
2253 1710 17 3,5,2,7,6,1,4,8 16 0
2254 1710 29 2,6,1,3,5,4,7,8 2 0
2255 1711 3 4,1,5,7,8,3,6,2 82 0
2256 1711 30 1,6,4,3,2,5,8,7 83 0
2257 1712 69 2,5,6,4,1,3,8,7 50 0
2258 1715 21 1,3,2,4,6,5,8,7 4 0
2259 1715 62 2,3,1,5,7,4,8,6 0 0
2260 1716 47 1,2,3,4,7,6,5,8 0 0
2261 1716 69 2,1,5,4,3,6,8,7 3 0
2262 1717 11 8,7,5,2,1,4,6,3 12 0
2263 1719 13 1,2,4,3,8,7,6,5 122 0
2264 1719 47 1,2,3,8,7,5,4,6 0 0
2265 1719 63 1,8,3,2,7,4,5,6 0 0
2266 1731 53 3,7,5,4,2,1,8,6 86 0
2267 1731 62 1,3,2,5,4,6,8,7 1 0
2268 1736 34 1,3,4,2,5,7,6,8 108 0
2269 1738 33 3,2,5,1,4,6,7,8 86 0
2270 1744 48 1,4,2,3,6,5,7,8 6 0
2271 1744 59 1,2,3,4,5,6,7,8 0 0
2272 1745 59 1,4,3,2,5,6,8,7 32 0
2273 1746 21 1,2,3,4,5,8,6,7 0 0
2274 1749 62 2,1,4,6,5,8,3,7 123 0
2275 1750 62 1,5,3,6,4,2,7,8 22 0
2276 1754 41 1,8,4,5,3,2,6,7 122 0
2277 1755 31 2,4,1,3,7,8,6,5 109 0
2278 1755 68 1,3,6,7,4,5,2,8 3 0
2279 1756 34 4,2,5,1,6,3,8,7 30 0
2280 1756 50 1,3,8,2,6,4,5,7 55 0
2281 1756 59 1,5,2,7,8,6,4,3 45 0
2282 1757 47 1,3,5,2,6,4,8,7 22 0
2283 1762 27 1,2,8,4,6,7,5,3 102 0
2284 1762 60 1,3,4,6,8,5,7,2 8 0
2285 1762 62 1,2,7,4,3,5,8,6 5 0
2286 1763 47 3,2,5,6,4,1,7,8 66 0
2287 1763 53 1,3,2,5,7,8,6,4 6 0
2288 1763 65 1,3,7,4,2,6,8,5 89 0
2289 1773 65 1,8,4,3,7,6,2,5 41 0
2290 1774 20 4,7,3,5,1,8,2,6 52 0
2291 1775 34 6,8,1,5,2,4,7,3 23 0
2292 1775 53 8,3,4,6,7,5,2,1 64 0
2293 1775 61 1,4,2,5,6,7,3,8 13 0
2294 1775 66 3,2,4,6,5,1,7,8 13 0
2295 1776 59 1,6,4,2,7,5,3,8 7 0
2296 1778 34 1,5,4,7,2,6,3,8 24 0
2297 1778 65 1,6,3,7,2,5,8,4 66 0
2298 1779 63 3,7,5,6,4,2,1,8 15 0
2299 1781 66 1,3,4,5,6,2,7,8 65 0
2300 1783 37 2,6,5,1,4,3,8,7 50 0
2301 1783 63 7,5,4,6,8,2,1,3 88 0
2302 1784 63 1,3,7,5,4,2,8,6 62 0
2303 1786 5 3,5,4,6,2,7,8,1 92 0
2304 1787 30 3,1,2,6,5,8,7,4 3 0
2305 1787 48 1,2,4,6,8,7,5,3 27 0
2306 1787 59 3,1,2,5,6,4,8,7 4 0
2307 1787 69 2,1,5,3,7,4,8,6 16 0
2308 1788 49 2,4,5,1,6,3,7,8 99 0
2309 1788 53 1,4,5,2,6,8,3,7 31 0
2310 1788 60 1,2,6,4,7,8,5,3 35 0
2311 1789 60 1,2,5,3,7,8,4,6 51 0
2312 1789 62 1,3,7,4,5,8,6,2 5 0
2313 1790 32 3,1,5,7,4,2,8,6 124 0
2314 1790 58 1,7,2,3,4,5,8,6 110 0
2315 1792 5 1,2,4,7,8,5,6,3 4 0
2316 1792 53 2,6,3,1,4,5,8,7 4 0
2317 1792 64 2,4,3,5,1,7,8,6 50 0
2318 1793 64 5,2,7,6,4,1,8,3 98 0
2319 1794 57 1,3,2,5,6,7,8,4 1 0
2320 1794 68 4,8,2,6,1,5,3,7 20 0
2321 1797 32 2,7,5,8,4,3,6,1 102 0
2322 1797 47 2,3,1,6,5,7,8,4 6 0
2323 1797 64 1,2,7,8,4,3,6,5 3 0
2324 1798 59 6,1,4,7,2,5,3,8 9 0
2325 1799 69 2,5,1,3,4,7,6,8 1 0
2326 1800 62 1,2,3,7,5,6,8,4 3 0
2327 1801 47 1,5,3,6,7,8,4,2 22 0
2328 1801 51 1,5,2,4,6,3,8,7 0 0
2329 1801 64 5,3,4,1,2,6,7,8 15 0
2330 1801 65 1,2,5,8,6,3,4,7 1 0
2331 1802 54 3,1,5,2,7,4,6,8 105 0
2332 1803 68 1,5,6,4,2,8,7,3 54 0
2333 1807 27 6,3,1,5,4,7,2,8 3 0
2334 1807 35 1,3,6,5,4,8,2,7 3 0
2335 1807 62 5,6,1,8,7,2,3,4 19 0
2336 1809 69 2,4,5,7,6,1,3,8 70 0
2337 1814 43 2,1,7,4,5,3,6,8 6 0
2338 1814 58 1,4,7,6,3,2,8,5 114 0
2339 1815 4 5,3,4,1,7,8,2,6 46 0
2340 1816 44 5,6,3,4,8,1,7,2 34 0
2341 1816 46 1,8,6,5,4,7,2,3 4 0
2342 1816 57 2,3,1,8,4,5,6,7 6 0
2343 1819 59 2,5,4,1,3,7,8,6 4 0
2344 1821 63 4,2,3,1,5,6,7,8 22 0
2345 1821 68 1,2,3,4,7,5,6,8 5 0
2346 1822 12 3,6,1,2,7,8,5,4 115 0
2347 1823 20 2,1,6,5,3,4,8,7 125 0
2348 1825 52 2,6,1,5,8,3,7,4 32 0
2349 1826 1 3,1,8,4,7,2,5,6 104 0
2350 1831 43 4,7,5,1,8,3,6,2 47 0
2351 1833 59 2,1,7,3,8,5,4,6 70 0
2352 1833 61 1,2,5,3,8,4,7,6 19 0
2353 1844 23 2,4,1,3,7,5,6,8 49 0
2354 1844 34 2,1,5,3,6,7,4,8 17 0
2355 1844 44 1,2,4,5,3,8,6,7 56 0
2356 1844 49 3,7,5,2,1,8,6,4 32 0
2357 1845 52 4,7,1,2,3,5,8,6 120 0
2358 1845 65 1,2,4,3,5,7,6,8 115 0
2359 1846 55 1,3,2,7,4,6,8,5 6 0
2360 1846 62 1,2,7,5,4,3,6,8 71 0
2361 1848 27 2,3,4,1,6,5,7,8 15 0
2362 1854 50 1,6,3,5,7,8,2,4 34 0
2363 1857 43 1,2,3,6,4,8,7,5 7 0
2364 1858 67 1,3,2,8,5,4,6,7 1 0
2365 1860 60 5,6,3,1,7,8,4,2 71 0
2366 1861 31 2,8,1,7,4,3,6,5 111 0
2367 1863 53 3,1,4,8,5,6,2,7 13 0
2368 1865 34 1,3,4,2,5,7,8,6 12 0
2369 1865 49 2,1,4,3,5,8,6,7 15 0
2370 1866 63 3,1,5,7,6,2,4,8 35 0
2371 1867 29 2,1,3,4,7,5,6,8 3 0
2372 1868 13 2,1,5,3,7,4,8,6 111 0
2373 1868 27 2,1,3,6,5,4,7,8 3 0
2374 1881 69 1,2,4,3,7,5,8,6 69 0
2375 1884 68 2,3,7,8,6,5,1,4 13 0
2376 1885 32 1,2,3,4,5,6,8,7 0 0
2377 1890 60 1,4,3,8,2,5,7,6 9 0
2378 1892 63 3,2,1,4,6,5,8,7 0 0
2379 1893 53 1,3,7,8,2,5,4,6 2 0
2380 1894 41 4,2,6,1,3,8,5,7 9 0
2381 1896 16 1,5,4,8,2,3,7,6 62 0
2382 1896 52 4,5,1,2,8,6,3,7 39 0
2383 1896 63 3,2,1,7,8,6,4,5 1 0
2384 1900 59 1,7,3,2,6,5,8,4 2 0
2385 1903 18 1,6,7,5,3,2,4,8 2 0
2386 1904 65 5,3,2,6,7,8,1,4 66 0
2387 1905 31 1,4,2,3,6,7,5,8 70 0
2388 1906 47 3,5,1,2,4,8,7,6 103 0
2389 1906 54 1,4,6,5,2,3,7,8 119 0
2390 1906 63 1,2,3,5,8,4,7,6 6 0
2391 1907 43 1,2,3,5,8,6,4,7 2 0
2392 1908 52 2,3,1,4,6,8,5,7 2 0
2393 1911 30 4,7,1,2,3,6,8,5 18 0
2394 1912 65 1,5,3,4,6,2,8,7 50 0
2395 1920 52 1,2,7,4,6,5,3,8 79 0
2396 1920 64 2,1,3,6,5,4,7,8 0 0
2397 1921 51 1,5,2,3,4,7,6,8 94 0
2398 1921 64 3,1,2,4,5,6,8,7 3 0
2399 1921 66 3,1,2,4,5,6,8,7 3 0
2400 1923 54 2,1,4,5,3,8,7,6 4 0
2401 1923 66 3,2,4,1,5,7,6,8 9 0
2402 1924 31 1,2,6,5,7,3,8,4 1 0
2403 1925 13 2,7,1,8,3,5,4,6 113 0
2404 1933 55 1,3,6,5,2,7,4,8 6 0
2405 1947 38 1,3,6,2,7,8,4,5 34 0
2406 1953 44 3,1,2,4,8,7,6,5 0 0
2407 1956 42 2,5,1,6,3,4,7,8 30 0
2408 1957 40 4,2,5,3,6,8,7,1 28 0
2409 1957 62 2,5,4,7,6,8,3,1 14 0
2410 1958 46 4,2,1,7,5,8,3,6 110 0
2411 1958 49 1,3,2,5,4,6,8,7 1 0
2412 1958 69 2,1,5,3,4,6,8,7 111 0
2413 1959 40 4,1,2,7,5,3,6,8 50 0
2414 1959 49 2,5,1,3,4,7,6,8 1 0
2415 1959 69 1,3,2,6,4,8,5,7 1 0
2416 1960 23 4,1,2,3,5,6,8,7 15 0
2417 1964 19 2,3,1,5,6,4,7,8 3 0
2418 1965 38 1,3,2,7,5,4,6,8 6 0
2419 1975 49 2,1,3,4,5,6,8,7 3 0
2420 1976 42 1,2,5,3,4,7,8,6 19 0
2421 1976 59 3,4,1,5,2,7,6,8 13 0
2422 1976 69 3,4,1,5,2,7,6,8 13 0
2423 1981 69 2,1,5,3,4,6,8,7 80 0
2424 1997 23 4,5,2,7,1,3,8,6 100 0
2425 1999 64 4,7,2,8,5,6,3,1 91 0
2426 1999 66 2,5,6,1,8,3,4,7 127 0
2427 2001 57 1,5,7,8,2,3,6,4 54 0
2428 2002 54 2,5,6,1,8,3,4,7 1 0
2429 2008 64 3,1,5,8,6,7,2,4 67 0
2430 2008 65 1,6,5,2,4,3,8,7 40 0
2431 2010 34 1,3,2,7,5,6,8,4 7 0
2432 2011 53 1,3,6,2,5,7,4,8 89 0
2433 2018 20 3,5,2,6,1,8,7,4 34 0
2434 2018 21 3,5,4,6,7,8,1,2 115 0
2435 2023 62 2,4,7,3,6,8,1,5 6 0
2436 2024 64 1,2,3,4,5,8,6,7 0 0
2437 2031 43 1,4,2,3,5,7,8,6 6 0
2438 2034 50 3,7,1,2,4,6,5,8 0 0
2439 2034 69 3,7,1,2,4,6,5,8 0 0
2440 2036 35 4,8,6,2,1,3,7,5 91 0
2441 2036 66 2,1,6,5,4,3,7,8 90 0
2442 2037 11 5,2,1,6,4,8,3,7 14 0
2443 2037 18 2,5,6,3,4,1,8,7 79 0
2444 2038 57 3,1,2,4,7,5,6,8 3 0
2445 2038 68 3,1,2,4,7,5,6,8 3 0
2446 2039 62 1,2,8,7,3,4,5,6 26 0
2447 2041 47 5,3,6,8,7,4,2,1 79 0
2448 2041 62 1,3,6,4,5,2,7,8 38 0
2449 2042 49 3,4,5,1,6,7,2,8 28 0
2450 2044 65 5,1,2,4,8,3,7,6 67 0
2451 2046 57 2,3,5,8,1,4,6,7 4 0
2452 2048 61 1,4,2,3,7,5,8,6 6 0
2453 2049 49 1,3,7,2,5,4,6,8 67 0
2454 2049 57 4,5,6,2,1,8,3,7 119 0
2455 2050 31 5,2,1,6,4,3,8,7 66 0
2456 2050 58 3,6,1,2,4,5,8,7 6 0
2457 2050 62 6,3,1,2,4,8,5,7 34 0
2458 2052 64 1,6,3,4,2,5,7,8 98 0
2459 2053 56 1,3,2,4,6,5,7,8 7 0
2460 2053 68 2,4,1,5,3,7,8,6 13 0
2461 2054 60 1,2,4,3,6,5,8,7 91 0
2462 2054 61 5,3,1,2,6,4,8,7 83 0
2463 2059 29 2,1,4,3,7,5,6,8 13 0
2464 2059 38 3,7,6,4,2,5,1,8 122 0
2465 2059 53 2,1,3,8,6,4,5,7 7 0
2466 2061 12 1,4,5,3,7,6,2,8 104 0
2467 2061 18 2,1,3,4,5,6,7,8 3 0
2468 2061 25 2,1,5,6,3,8,4,7 115 0
2469 2061 47 2,1,6,5,4,3,7,8 67 0
2470 2063 14 1,2,6,5,3,4,7,8 120 0
2471 2063 69 1,3,2,6,7,8,4,5 6 0
2472 2071 11 1,6,2,3,5,4,8,7 4 0
2473 2073 63 8,3,5,6,1,2,4,7 48 0
2474 2074 31 5,4,1,2,3,7,8,6 96 0
2475 2076 64 2,5,1,3,7,6,4,8 113 0
2476 2108 37 2,8,4,3,5,6,1,7 3 0
2477 2109 50 1,2,7,6,3,4,8,5 114 0
2478 2114 3 2,5,4,3,1,6,8,7 3 0
2479 2118 67 1,3,6,7,2,4,5,8 9 0
2480 2122 60 1,2,3,7,5,8,6,4 1 0
2481 2127 64 4,1,3,5,2,6,7,8 4 0
2482 2129 69 4,1,2,3,6,5,8,7 25 0
2483 2131 50 5,4,3,2,1,7,6,8 32 0
2484 2131 59 1,3,6,7,2,5,4,8 118 0
2485 2131 61 2,4,1,5,6,3,7,8 123 0
2486 2132 34 8,1,3,2,7,4,5,6 123 0
2487 2133 54 5,3,6,4,7,8,2,1 70 0
2488 2135 24 1,2,6,4,3,5,7,8 64 0
2489 2135 58 1,3,2,6,4,5,7,8 1 0
2490 2141 46 4,1,2,7,3,5,6,8 123 0
2491 2141 54 3,6,4,1,8,7,2,5 31 0
2492 2141 60 2,3,7,1,8,4,6,5 123 0
2493 2142 44 1,2,4,3,6,5,7,8 12 0
2494 2148 34 1,2,5,4,6,3,7,8 98 0
2495 2150 52 2,3,1,5,6,4,8,7 0 0
2496 2154 4 4,5,7,3,8,6,1,2 32 0
2497 2154 27 7,3,8,6,4,5,2,1 120 0
2498 2154 53 1,3,5,8,6,4,2,7 103 0
2499 2156 42 6,8,1,5,2,7,4,3 114 0
2500 2165 44 1,3,2,4,6,5,7,8 6 0
2501 2165 66 2,1,4,6,5,3,7,8 112 0
2502 2167 53 2,3,5,1,8,4,6,7 63 0
2503 2175 65 1,4,2,5,3,6,7,8 13 0
2504 2179 46 2,1,3,4,5,6,7,8 3 0
2505 2181 27 1,4,2,3,7,5,6,8 79 0
2506 2182 43 3,2,4,6,1,5,7,8 1 0
2507 2185 50 1,4,3,5,2,6,7,8 18 0
2508 2187 21 2,8,4,5,6,3,1,7 51 0
2509 2188 56 2,7,1,5,6,8,3,4 13 0
2510 2193 25 8,6,1,3,4,5,2,7 83 0
2511 2203 51 1,2,7,4,6,3,8,5 4 0
2512 2204 57 1,2,3,5,4,7,8,6 7 0
2513 2206 66 2,5,1,3,8,4,7,6 97 0
2514 2208 54 7,4,8,2,1,5,3,6 33 0
2515 2209 67 1,4,5,6,2,3,7,8 70 0
2516 2214 58 1,2,5,4,3,6,7,8 0 0
2517 2230 4 2,4,7,1,5,6,3,8 49 0
2518 2230 29 4,3,2,1,6,5,8,7 15 0
2519 2230 62 3,1,7,4,5,6,2,8 1 0
2520 2231 4 1,2,4,3,6,7,5,8 114 0
2521 2231 10 1,7,3,2,4,5,8,6 6 0
2522 2231 22 2,4,1,3,6,7,8,5 120 0
2523 2232 28 5,4,3,1,7,2,6,8 55 0
2524 2233 2 1,3,8,5,4,2,6,7 3 0
2525 2234 59 3,2,4,5,8,6,1,7 126 0
2526 2234 65 1,5,2,4,6,7,8,3 66 0
2527 2247 13 4,3,7,8,6,5,1,2 44 0
2528 2247 68 2,1,7,8,4,3,5,6 112 0
2529 2253 45 2,4,1,8,3,6,5,7 25 0
2530 2270 57 2,1,3,4,5,6,7,8 3 0
2531 2271 29 1,2,4,3,6,8,5,7 12 0
2532 2272 58 1,3,4,2,6,7,5,8 36 0
2533 2277 32 4,3,1,2,6,5,8,7 91 0
2534 2283 50 7,5,1,3,4,2,6,8 62 0
2535 2291 18 3,4,5,1,6,7,8,2 36 0
2536 2291 36 1,5,3,6,4,7,2,8 34 0
2537 2292 22 2,3,6,4,1,7,5,8 45 0
2538 2293 53 4,1,3,7,5,8,6,2 8 0
2539 2303 6 4,1,3,7,5,8,2,6 4 0
2540 2303 17 1,6,7,5,4,2,8,3 93 0
2541 2303 52 1,2,3,5,4,6,7,8 7 0
2542 2304 34 1,5,4,6,3,7,2,8 7 0
2543 2304 49 2,8,3,1,4,7,5,6 20 0
2544 2305 34 1,2,3,6,5,7,8,4 6 0
2545 2306 64 1,2,7,8,4,3,5,6 16 0
2546 2307 41 1,5,2,3,6,7,4,8 50 0
2547 2308 53 2,1,3,6,5,8,7,4 1 0
2548 2308 66 1,3,4,5,8,7,2,6 1 0
2549 2309 66 1,6,8,5,2,3,4,7 0 0
2550 2313 14 5,3,1,6,7,8,2,4 114 0
2551 2313 23 5,1,7,2,3,8,4,6 17 0
2552 2316 59 1,4,2,3,5,8,7,6 6 0
2553 2316 69 1,5,2,7,3,6,4,8 18 0
2554 2318 60 2,5,7,1,3,8,4,6 1 0
2555 2319 69 1,2,5,3,8,7,6,4 28 0
2556 2323 4 1,2,3,5,4,8,7,6 6 0
2557 2324 60 5,6,1,3,7,8,2,4 66 0
2558 2327 12 1,6,2,4,3,8,7,5 91 0
2559 2327 32 2,3,1,7,4,5,8,6 2 0
2560 2327 53 3,2,1,8,4,7,5,6 2 0
2561 2327 68 2,3,1,4,8,7,6,5 3 0
2562 2329 68 1,4,6,2,3,7,8,5 64 0
2563 2333 57 3,1,2,4,7,5,6,8 3 0
2564 2333 68 3,1,2,4,7,5,6,8 3 0
2565 2334 68 1,3,2,4,7,5,8,6 6 0
2566 2340 11 5,2,6,1,4,8,7,3 107 0
2567 2340 37 1,6,5,4,3,2,7,8 127 0
2568 2340 63 8,4,5,3,6,2,7,1 28 0
2569 2350 61 1,3,2,4,8,5,7,6 6 0
2570 2354 60 1,4,2,3,7,6,8,5 4 0
2571 2354 61 1,3,2,4,6,5,8,7 4 0
2572 2357 57 4,3,5,1,2,7,6,8 80 0
2573 2360 41 2,3,1,4,5,8,6,7 6 0
2574 2363 13 1,2,7,8,6,3,5,4 3 0
2575 2366 44 1,3,4,2,5,7,8,6 12 0
2576 2368 60 5,8,6,7,4,2,1,3 41 0
2577 2378 46 2,8,1,5,3,6,4,7 17 0
2578 2381 15 1,7,3,4,6,5,8,2 69 0
2579 2385 44 1,5,2,8,6,4,3,7 29 0
2580 2386 29 8,7,1,3,4,5,2,6 27 0
2581 2388 25 2,3,4,1,5,6,7,8 79 0
2582 2388 52 5,3,8,2,1,4,7,6 22 0
2583 2395 32 1,2,3,4,7,5,8,6 0 0
2584 2395 50 2,1,5,7,4,3,6,8 0 0
2585 2408 27 1,2,3,7,5,6,4,8 0 0
2586 2410 27 1,2,4,8,5,6,3,7 6 0
2587 2413 11 1,3,2,4,5,6,7,8 6 0
2588 2417 60 1,8,2,7,3,5,4,6 111 0
2589 2438 66 1,2,3,4,5,6,7,8 0 0
2590 2440 14 6,1,3,2,4,7,8,5 38 0
2591 2440 18 1,3,4,5,7,8,2,6 1 0
2592 2440 52 4,5,1,6,2,3,8,7 25 0
2593 2442 3 1,2,3,4,7,8,6,5 4 0
2594 2442 33 3,7,1,5,2,6,8,4 103 0
2595 2442 62 5,1,6,2,3,4,8,7 16 0
2596 2463 37 4,1,3,7,5,2,8,6 123 0
2597 2463 68 1,4,2,3,5,6,8,7 6 0
2598 2483 41 1,8,4,5,3,2,6,7 122 0
2599 2488 58 2,6,1,5,4,3,8,7 5 0
2600 2504 45 3,1,6,7,4,2,5,8 2 0
2601 2514 38 1,8,4,5,2,3,6,7 58 0
2602 2517 5 1,2,3,5,4,6,8,7 39 0
2603 2517 28 3,7,1,8,4,2,5,6 98 0
2604 2517 67 1,2,8,4,7,5,3,6 113 0
2605 2518 67 2,4,8,1,6,5,3,7 7 0
2606 2532 37 1,5,2,3,8,6,4,7 1 0
2607 2539 0 1,2,3,4,7,8,5,6 15 0
2608 2541 60 1,2,3,4,8,7,6,5 6 0
2609 2542 60 7,5,6,8,2,1,3,4 92 0
2610 2545 14 5,1,3,6,7,8,4,2 119 0
2611 2545 23 2,7,1,5,8,3,6,4 66 0
2612 2547 28 8,2,6,4,7,3,1,5 7 0
2613 2550 61 7,2,6,1,3,4,5,8 65 0
2614 2552 69 1,4,7,3,8,5,6,2 70 0
2615 2558 29 1,4,3,5,7,6,8,2 1 0
2616 2559 64 2,1,5,3,4,7,6,8 79 0
2617 2559 66 1,2,3,5,7,4,8,6 4 0
2618 2566 3 1,2,4,3,8,7,6,5 59 0
2619 2566 54 8,4,1,5,2,6,7,3 16 0
2620 2578 25 1,4,3,6,5,7,2,8 95 0
2621 2583 60 1,2,5,6,3,4,7,8 15 0
2622 2583 69 1,2,5,6,8,7,4,3 29 0
2623 2590 14 8,5,3,4,6,2,1,7 12 0
2624 2591 68 4,3,6,5,8,2,1,7 0 0
2625 2612 14 1,6,7,3,2,5,4,8 7 0
2626 2615 63 1,2,3,4,5,6,7,8 0 0
2627 2621 60 1,2,3,4,8,7,6,5 6 0
