stab|0 8,1,7,6,5,4,3,2 0 0
stab|0 2,1,8,7,6,5,4,3 0 0
stab|0 8,1,2,3,4,5,6,7 0 0
stab|0 3,2,1,8,7,6,5,4 0 0
stab|0 7,8,1,2,3,4,5,6 0 0
stab|0 4,3,2,1,8,7,6,5 0 0
stab|0 6,7,8,1,2,3,4,5 0 0
stab|0 5,4,3,2,1,8,7,6 0 0
stab|0 5,6,7,8,1,2,3,4 0 0
stab|0 6,5,4,3,2,1,8,7 0 0
stab|0 4,5,6,7,8,1,2,3 0 0
stab|0 7,6,5,4,3,2,1,8 0 0
stab|0 3,4,5,6,7,8,1,2 0 0
stab|0 2,3,4,5,6,7,8,1 0 0
stab|0 8,7,6,5,4,3,2,1 0 0
stab|15 4,2,3,1,8,7,6,5 0 0
edge|9|32|19 5,6,7,8,4,3,2,1 15 0
edge|10|50|21 6,7,8,1,3,2,4,5 0 0
edge|12|43|30 1,2,3,4,5,6,8,7 0 0
stab|41 6,5,4,8,1,2,3,7 120 0
stab|41 5,6,7,3,2,1,8,4 120 0
edge|14|22|19 8,1,2,3,7,6,5,4 120 0
edge|14|44|37 3,2,4,5,6,7,8,1 0 0
edge|15|29|30 1,8,7,6,5,4,2,3 0 0
stab|49 1,2,4,3,8,7,6,5 15 0
edge|19|16|14 2,3,4,8,7,6,5,1 15 0
edge|19|39|9 8,7,6,5,1,2,3,4 15 0
edge|20|44|9 4,3,2,1,5,6,7,8 15 0
edge|21|45|10 4,6,5,7,8,1,2,3 0 0
edge|24|6|49 7,6,4,5,8,1,2,3 120 0
edge|25|50|59 3,4,5,6,8,7,1,2 0 0
edge|26|22|65 5,4,2,3,6,7,8,1 30 0
stab|70 8,7,6,4,5,3,2,1 0 0
edge|27|45|58 2,3,4,5,1,8,7,6 30 0
edge|28|51|46 3,2,1,8,6,7,5,4 0 0
edge|29|39|44 7,6,5,1,2,3,4,8 15 0
edge|30|24|15 1,7,8,6,5,4,3,2 0 0
edge|30|41|70 3,2,1,7,8,6,5,4 0 0
edge|31|51|66 3,6,7,5,4,8,1,2 120 0
edge|32|0|65 4,5,7,6,3,2,1,8 120 0
edge|32|32|66 6,3,2,4,5,1,8,7 30 0
edge|32|43|58 6,7,5,4,3,2,1,8 0 0
edge|34|16|50 5,6,8,7,4,3,2,1 15 0
edge|34|35|60 4,3,2,1,5,6,8,7 15 0
edge|34|52|77 5,4,3,7,8,2,1,6 60 0
edge|35|48|37 1,5,4,3,2,8,7,6 1 0
edge|35|52|36 1,6,7,8,2,3,4,5 1 0
edge|36|8|37 1,5,6,7,8,2,3,4 1 0
edge|37|22|51 7,8,2,1,6,5,4,3 60 0
edge|37|31|57 6,5,4,3,1,2,8,7 0 0
edge|37|49|14 8,2,1,3,4,5,6,7 0 0
stab|83 8,2,7,6,5,4,3,1 0 0
edge|39|42|83 4,2,5,6,7,8,1,3 0 0
edge|39|45|83 1,2,8,7,6,5,4,3 0 0
stab|92 4,3,2,1,5,7,6,8 15 0
edge|43|8|75 6,7,8,3,2,1,5,4 7 0
edge|43|13|52 1,5,4,6,8,7,3,2 7 0
edge|43|18|55 3,7,8,6,4,5,1,2 7 0
edge|44|21|29 4,5,6,7,3,2,1,8 120 0
edge|44|34|76 6,5,4,1,2,3,7,8 7 0
edge|46|30|28 3,2,1,8,7,5,6,4 0 0
edge|47|16|61 1,5,6,4,2,3,7,8 62 0
edge|47|24|48 1,8,7,3,2,4,6,5 62 0
edge|47|28|43 7,8,1,5,6,4,2,3 62 0
edge|48|15|79 2,4,6,5,1,8,7,3 62 0
edge|49|4|34 8,7,6,5,1,2,4,3 15 0
edge|49|52|24 6,7,8,3,4,2,1,5 15 0
edge|51|12|37 4,3,8,7,6,5,1,2 15 0
edge|51|30|79 5,2,3,4,6,7,8,1 16 0
edge|53|54|77 1,2,3,4,6,7,8,5 16 0
edge|54|50|96 6,7,8,4,2,3,1,5 15 0
edge|55|52|78 6,4,2,3,7,8,1,5 62 0
edge|57|28|37 5,6,4,3,2,1,8,7 0 0
edge|58|30|27 5,1,2,3,4,8,7,6 15 0
edge|58|42|32 7,6,5,4,3,1,2,8 0 0
edge|59|43|102 3,4,6,5,2,1,8,7 60 0
edge|59|46|25 7,8,1,2,3,4,6,5 0 0
edge|61|2|47 7,3,2,4,6,5,1,8 62 0
edge|61|39|99 2,1,8,5,4,6,7,3 120 0
edge|62|18|103 1,8,7,6,2,3,4,5 30 0
edge|62|31|94 5,4,3,2,1,7,8,6 0 0
edge|62|42|94 1,2,3,4,5,7,6,8 0 0
edge|64|33|81 4,6,7,8,3,2,1,5 7 0
edge|65|15|26 8,3,4,2,1,5,6,7 15 0
edge|65|32|101 5,6,1,2,4,3,8,7 15 0
edge|65|44|101 8,7,1,2,3,4,5,6 0 0
edge|66|33|102 2,3,6,7,1,8,5,4 30 0
edge|66|51|31 7,8,1,5,4,2,3,6 30 0
edge|67|48|95 8,7,6,5,4,2,3,1 0 0
edge|68|8|80 3,7,8,1,2,4,5,6 4 0
edge|68|12|80 3,7,6,5,4,2,1,8 4 0
edge|69|15|100 1,8,5,4,2,3,6,7 30 0
edge|70|16|112 5,4,6,7,8,1,2,3 0 0
edge|70|24|82 4,3,2,1,6,7,8,5 31 0
edge|70|47|30 3,2,1,8,7,6,4,5 0 0
stab|115 1,5,6,7,2,3,4,8 126 0
edge|75|12|43 6,5,4,8,7,1,2,3 56 0
edge|75|23|81 7,1,2,3,6,5,4,8 56 0
edge|75|38|76 3,2,1,7,6,5,4,8 127 0
edge|75|55|44 4,5,6,3,2,1,7,8 56 0
edge|77|3|37 7,6,3,2,1,8,4,5 120 0
edge|77|47|53 1,2,3,4,8,5,6,7 127 0
edge|78|7|97 1,8,7,6,5,2,4,3 0 0
edge|78|17|55 7,3,4,2,8,1,5,6 112 0
edge|78|37|59 5,1,8,2,4,3,7,6 112 0
edge|78|50|64 7,6,5,1,8,2,3,4 112 0
edge|79|13|88 6,7,8,1,5,4,2,3 30 0
edge|79|36|52 8,2,3,4,1,5,6,7 1 0
edge|79|55|69 4,5,1,6,7,8,2,3 1 0
edge|80|14|95 4,5,6,7,8,2,1,3 0 0
edge|80|17|99 4,5,6,1,2,8,7,3 60 0
edge|81|22|75 2,3,4,7,6,5,1,8 112 0
edge|82|8|70 4,3,2,1,8,5,6,7 112 0
edge|82|52|119 1,3,4,5,6,7,2,8 0 0
edge|83|8|97 3,4,5,6,7,2,8,1 0 0
stab|121 7,2,6,5,4,3,1,8 0 0
stab|121 6,2,5,4,3,1,8,7 0 0
stab|121 7,2,8,1,3,4,5,6 0 0
stab|121 6,2,7,8,1,3,4,5 0 0
stab|121 5,2,6,7,8,1,3,4 0 0
stab|121 5,2,4,3,1,8,7,6 0 0
stab|123 2,1,3,7,6,5,4,8 120 0
edge|86|15|93 5,4,3,7,6,8,2,1 28 0
edge|86|24|97 3,4,5,1,2,8,6,7 28 0
edge|86|34|118 3,4,5,1,2,6,8,7 28 0
edge|86|42|120 6,8,2,1,5,4,3,7 28 0
edge|87|12|97 2,1,5,4,3,8,7,6 28 0
edge|87|49|96 5,1,2,6,7,8,3,4 28 0
edge|88|23|79 4,7,8,6,5,1,2,3 15 0
edge|89|34|105 4,1,2,3,8,7,6,5 7 0
edge|89|44|125 6,5,7,3,2,1,8,4 120 0
edge|92|9|46 2,3,4,8,6,7,5,1 15 0
edge|92|30|55 5,7,6,8,4,3,2,1 15 0
edge|93|10|88 8,7,3,2,1,5,4,6 7 0
edge|93|20|111 8,1,5,2,3,4,6,7 16 0
edge|94|1|73 5,4,3,2,1,8,6,7 0 0
edge|94|30|88 4,5,1,2,3,7,8,6 7 0
edge|95|14|80 7,6,8,1,2,3,4,5 0 0
edge|95|37|114 1,2,7,3,4,5,6,8 64 0
edge|95|49|111 4,3,7,2,1,8,6,5 64 0
edge|95|53|67 8,6,7,5,4,3,2,1 0 0
edge|96|12|55 7,5,6,4,8,1,2,3 120 0
edge|96|28|91 2,3,7,8,1,4,5,6 62 0
edge|97|49|78 1,6,8,7,5,4,3,2 0 0
edge|98|8|128 8,1,2,3,7,5,6,4 120 0
edge|99|8|80 4,5,8,1,2,3,7,6 120 0
edge|99|24|108 2,1,8,5,6,7,3,4 112 0
stab|134 6,7,3,8,5,1,2,4 20 0
stab|134 2,1,5,8,3,7,6,4 20 0
edge|100|9|69 5,1,2,8,7,3,4,6 60 0
edge|100|15|69 1,5,6,4,3,7,8,2 60 0
edge|101|27|65 3,4,5,6,7,8,2,1 0 0
edge|101|44|117 5,8,7,6,4,3,2,1 16 0
edge|102|30|60 6,5,1,2,4,3,8,7 15 0
edge|103|8|132 2,1,8,4,6,5,7,3 120 0
edge|103|37|72 1,5,6,7,8,4,3,2 15 0
edge|103|54|118 5,1,8,7,6,4,2,3 16 0
edge|105|17|117 1,4,3,2,8,7,6,5 1 0
edge|105|29|89 2,3,4,1,8,7,6,5 14 0
edge|106|18|132 8,1,5,6,3,2,4,7 48 0
edge|106|19|132 6,5,1,8,3,4,2,7 126 0
edge|107|8|123 4,2,3,6,5,1,8,7 48 0
edge|107|12|123 3,2,4,7,8,1,5,6 48 0
edge|107|38|128 7,8,1,5,4,3,2,6 30 0
edge|107|43|127 4,3,8,7,5,6,1,2 15 0
edge|107|51|131 1,2,4,3,8,6,7,5 15 0
edge|108|24|99 2,1,7,8,4,5,6,3 56 0
edge|108|41|119 3,6,5,4,2,1,7,8 4 0
edge|109|19|113 7,6,4,5,1,2,3,8 7 0
edge|109|42|117 8,3,2,1,5,4,6,7 7 0
edge|110|11|71 7,6,5,1,2,4,3,8 15 0
edge|110|12|122 5,1,8,7,4,2,3,6 48 0
edge|111|7|127 8,1,2,3,7,6,4,5 120 0
edge|111|36|93 2,4,5,6,3,7,8,1 4 0
edge|111|48|95 5,4,2,1,8,7,3,6 4 0
edge|111|54|114 6,7,3,8,1,2,4,5 4 0
edge|112|8|119 2,4,5,8,7,6,3,1 31 0
edge|112|12|119 2,7,6,3,4,5,8,1 28 0
edge|112|28|127 6,5,4,3,7,8,2,1 60 0
edge|112|50|70 6,7,8,2,1,3,4,5 0 0
edge|113|18|109 5,6,7,3,4,2,1,8 112 0
edge|113|29|125 3,4,2,7,6,5,1,8 126 0
edge|114|23|95 1,2,4,5,6,7,3,8 4 0
edge|114|28|111 5,6,3,7,8,1,2,4 4 0
edge|115|0|114 8,1,7,2,3,6,5,4 56 0
edge|115|1|114 8,1,4,5,6,3,2,7 56 0
edge|115|29|118 7,2,3,6,5,4,1,8 56 0
edge|115|47|118 4,5,6,3,2,7,1,8 56 0
edge|115|48|128 8,1,2,3,6,5,7,4 120 0
edge|117|14|101 8,7,6,5,1,4,3,2 1 0
edge|117|27|109 4,3,2,6,5,7,8,1 14 0
edge|117|44|110 6,5,1,4,3,2,7,8 1 0
edge|118|2|91 4,5,1,2,3,6,8,7 7 0
edge|118|48|103 2,7,8,6,1,5,4,3 1 0
edge|119|8|134 3,2,7,1,4,5,6,8 71 0
edge|119|50|82 1,7,2,3,4,5,6,8 0 0
edge|120|10|133 7,8,1,3,4,2,5,6 0 0
edge|120|22|86 4,3,7,6,5,1,8,2 112 0
edge|120|41|110 7,6,1,5,4,3,2,8 1 0
edge|121|18|133 3,1,8,7,6,2,5,4 0 0
edge|121|42|133 5,4,3,1,8,2,7,6 0 0
edge|121|49|133 1,3,4,5,6,2,7,8 0 0
edge|122|18|111 2,6,5,7,3,4,8,1 12 0
edge|122|19|111 2,6,7,5,1,8,4,3 126 0
edge|122|26|130 6,5,1,8,7,4,3,2 62 0
edge|122|32|132 1,5,6,2,3,4,7,8 62 0
edge|122|44|132 3,7,6,2,1,8,5,4 28 0
edge|122|45|130 6,7,3,4,5,8,1,2 28 0
edge|123|18|85 4,5,6,7,3,1,2,8 120 0
edge|123|22|110 6,2,3,1,5,4,8,7 24 0
edge|123|26|107 5,1,3,2,6,7,8,4 24 0
edge|123|53|90 6,5,4,8,2,1,3,7 120 0
edge|125|53|113 7,3,1,2,6,5,4,8 63 0
edge|127|12|111 2,3,4,7,8,6,5,1 15 0
edge|127|28|130 3,4,1,5,7,6,8,2 1 0
edge|128|18|107 3,7,5,6,2,1,8,4 12 0
edge|128|29|131 2,1,4,5,6,7,8,3 7 0
edge|130|8|131 1,8,3,7,5,6,4,2 4 0
edge|130|28|127 3,8,1,2,4,6,5,7 4 0
edge|130|31|123 7,8,3,4,5,1,2,6 28 0
edge|131|0|116 8,3,4,2,1,5,7,6 15 0
edge|131|48|128 2,1,8,3,4,5,6,7 124 0
edge|131|49|105 4,2,1,5,6,7,8,3 15 0
edge|132|10|124 5,4,1,8,7,3,2,6 62 0
edge|132|42|122 1,4,5,6,2,3,7,8 62 0
edge|133|0|120 3,6,4,5,7,8,1,2 0 0
edge|133|19|127 7,3,2,6,5,4,1,8 62 0
edge|134|16|119 4,2,1,5,6,7,3,8 15 0
edge|134|50|119 4,6,7,3,2,1,5,8 120 0
