stab|0 1,8,7,6,5,4,3,2 1 0
stab|0 2,1,8,7,6,5,4,3 3 0
stab|0 8,1,2,3,4,5,6,7 127 0
stab|0 3,2,1,8,7,6,5,4 7 0
stab|0 7,8,1,2,3,4,5,6 63 0
stab|0 4,3,2,1,8,7,6,5 15 0
stab|0 6,7,8,1,2,3,4,5 31 0
stab|0 5,4,3,2,1,8,7,6 31 0
stab|0 5,6,7,8,1,2,3,4 15 0
stab|0 6,5,4,3,2,1,8,7 63 0
stab|0 4,5,6,7,8,1,2,3 7 0
stab|0 7,6,5,4,3,2,1,8 127 0
stab|0 3,4,5,6,7,8,1,2 3 0
stab|0 2,3,4,5,6,7,8,1 1 0
stab|0 8,7,6,5,4,3,2,1 0 0
edge|34|29|108 5,4,3,2,1,6,7,8 0 0
edge|37|31|107 5,6,7,8,1,4,3,2 1 0
edge|41|39|121 3,2,1,8,5,6,7,4 119 0
edge|41|44|121 6,7,8,1,4,3,2,5 17 0
edge|49|27|107 8,7,6,5,4,1,2,3 7 0
edge|49|47|122 7,6,5,4,1,2,3,8 120 0
edge|107|4|49 6,7,8,5,4,3,2,1 31 0
edge|107|58|37 5,8,7,6,1,2,3,4 16 0
edge|121|14|41 4,7,6,5,8,1,2,3 119 0
edge|122|31|49 5,6,7,4,3,2,1,8 15 0
edge|134|56|49 8,7,6,1,2,3,4,5 0 0
stab|185 4,7,8,1,6,5,2,3 57 0
stab|188 1,6,5,4,7,8,3,2 57 0
stab|188 1,8,7,4,3,2,5,6 15 0
stab|188 4,5,6,1,2,3,8,7 0 0
stab|218 6,7,4,3,8,1,2,5 99 0
stab|222 2,1,6,7,8,3,4,5 0 0
edge|72|7|189 2,3,4,7,8,1,6,5 63 0
edge|73|15|201 5,4,3,8,7,6,1,2 0 0
edge|73|36|201 8,1,2,5,6,7,4,3 15 0
edge|73|63|190 8,3,4,5,2,1,6,7 99 0
edge|73|68|190 5,2,1,8,3,4,7,6 99 0
edge|75|24|211 6,7,8,3,4,5,2,1 3 0
edge|77|60|217 2,5,6,7,4,3,8,1 113 0
edge|78|36|211 7,6,5,2,1,8,3,4 3 0
edge|94|23|204 3,8,7,6,1,2,5,4 24 0
edge|97|23|264 5,6,1,8,7,4,3,2 63 0
edge|98|37|272 5,2,3,4,1,8,7,6 17 0
edge|107|29|145 3,2,1,6,7,8,5,4 24 0
edge|115|25|150 4,3,2,5,6,7,8,1 15 0
edge|121|28|201 2,3,4,7,6,5,8,1 113 0
edge|121|41|218 6,5,8,1,2,3,4,7 63 0
edge|122|40|207 7,4,3,2,1,8,5,6 63 0
edge|123|43|219 3,4,1,8,7,6,5,2 3 0
edge|134|27|268 8,5,4,3,2,1,6,7 127 0
edge|134|43|268 6,1,2,3,4,5,8,7 63 0
edge|136|6|219 2,1,4,5,6,7,8,3 3 0
edge|136|28|160 1,2,3,8,7,6,5,4 0 0
edge|136|41|261 4,5,6,7,8,3,2,1 0 0
edge|145|41|109 3,2,1,8,7,4,5,6 63 0
edge|150|21|115 8,3,2,1,4,5,6,7 120 0
edge|185|64|75 6,5,2,3,4,7,8,1 15 0
edge|188|9|73 3,2,5,6,1,8,7,4 57 0
edge|188|55|73 7,8,3,2,1,6,5,4 0 0
edge|189|24|72 6,1,2,3,8,7,4,5 24 0
edge|201|24|121 8,1,2,3,6,5,4,7 71 0
edge|201|33|74 2,3,8,7,4,5,6,1 57 0
edge|201|56|121 5,4,7,8,3,2,1,6 24 0
edge|202|34|121 8,1,6,5,2,3,4,7 113 0
edge|207|2|135 2,3,4,5,6,1,8,7 63 0
edge|207|47|123 5,4,3,2,7,8,1,6 33 0
edge|211|3|75 8,7,4,5,6,1,2,3 63 0
edge|218|61|121 3,8,1,2,7,6,5,4 123 0
edge|218|66|121 4,5,6,7,2,1,8,3 123 0
edge|218|67|76 3,4,7,6,5,2,1,8 15 0
edge|219|9|136 2,1,8,3,4,5,6,7 3 0
edge|143|31|376 6,5,4,1,2,3,8,7 56 0
edge|143|52|378 4,5,6,3,2,1,8,7 7 0
edge|166|63|391 1,8,7,4,5,6,3,2 57 0
edge|196|56|514 7,6,1,2,5,4,3,8 99 0
edge|201|42|527 1,6,5,4,3,2,7,8 0 0
edge|218|9|527 8,1,2,5,4,3,6,7 99 0
edge|218|60|528 5,2,1,8,7,6,3,4 15 0
edge|219|54|530 8,3,4,5,6,7,2,1 0 0
edge|221|31|527 8,7,6,5,2,1,4,3 15 0
edge|221|66|529 5,6,7,8,3,4,1,2 0 0
edge|224|32|484 1,8,3,4,7,6,5,2 113 0
edge|263|14|529 3,4,5,6,1,2,7,8 63 0
edge|266|32|637 5,6,1,2,3,4,7,8 63 0
edge|268|58|635 6,5,4,3,2,7,8,1 1 0
edge|272|55|350 7,8,1,4,3,2,5,6 49 0
edge|282|24|364 7,6,1,2,3,4,5,8 127 0
edge|314|45|495 2,5,6,7,8,1,4,3 3 0
edge|326|57|511 8,1,4,3,2,5,6,7 113 0
edge|327|28|490 2,1,8,7,4,3,6,5 63 0
edge|327|63|561 1,2,5,6,3,4,7,8 60 0
edge|328|11|719 2,3,4,5,8,7,6,1 30 0
edge|349|12|637 7,8,3,4,5,6,1,2 0 0
edge|349|32|561 4,3,8,7,2,1,6,5 51 0
edge|350|1|642 2,6,5,1,8,7,4,3 61 0
edge|350|8|274 3,6,5,4,7,8,1,2 59 0
edge|350|14|358 7,4,3,2,6,5,1,8 113 0
edge|350|59|375 4,7,8,1,5,6,2,3 57 0
edge|351|16|646 3,5,6,2,1,8,7,4 11 0
edge|351|33|706 3,4,7,8,1,2,6,5 15 0
edge|359|14|660 6,7,8,3,4,2,1,5 19 0
edge|359|17|361 1,2,6,7,8,3,4,5 3 0
edge|359|32|369 2,1,5,4,3,8,7,6 0 0
edge|360|58|665 4,3,8,7,6,2,1,5 19 0
edge|360|66|287 3,4,5,6,7,2,1,8 127 0
edge|365|18|678 7,8,3,4,5,1,2,6 32 0
edge|367|13|714 6,5,1,2,4,3,8,7 51 0
edge|372|9|645 8,6,5,1,2,3,4,7 64 0
edge|374|51|696 1,5,6,2,3,4,7,8 14 0
edge|478|34|769 2,6,5,3,4,7,8,1 61 0
edge|484|56|224 4,3,8,1,2,5,6,7 3 0
edge|490|66|327 2,1,6,5,8,7,4,3 12 0
edge|495|59|314 6,1,8,7,2,3,4,5 33 0
edge|511|56|326 2,5,4,3,6,7,8,1 29 0
edge|527|30|221 6,5,8,7,4,3,2,1 15 0
edge|527|32|201 4,5,6,1,8,7,2,3 57 0
edge|527|44|221 5,6,3,2,1,8,7,4 15 0
edge|527|55|218 2,3,6,5,4,7,8,1 57 0
edge|528|4|218 3,2,7,8,1,6,5,4 57 0
edge|529|65|221 7,8,5,6,1,2,3,4 0 0
edge|530|52|219 8,7,2,3,4,5,6,1 0 0
edge|561|34|349 6,5,2,1,8,7,4,3 15 0
edge|568|38|572 5,4,3,2,1,6,8,7 0 0
edge|573|8|773 8,7,5,4,3,2,1,6 63 0
edge|602|28|636 1,6,5,4,3,2,8,7 63 0
edge|637|31|766 5,4,3,8,7,1,2,6 32 0
edge|637|62|769 3,1,2,8,7,6,5,4 7 0
edge|640|29|372 4,1,8,7,3,2,6,5 49 0
edge|640|51|651 6,2,3,7,8,1,4,5 33 0
edge|642|31|415 5,4,1,8,2,3,7,6 103 0
edge|642|57|372 4,5,6,7,3,2,8,1 127 0
edge|643|28|706 8,1,4,5,6,7,3,2 1 0
edge|645|18|646 8,2,3,7,6,5,4,1 126 0
edge|660|13|359 7,6,4,5,8,1,2,3 31 0
edge|660|36|661 2,1,8,5,4,6,7,3 27 0
edge|661|60|689 4,5,8,1,2,6,7,3 27 0
edge|665|0|360 7,6,2,1,8,5,4,3 31 0
edge|665|34|404 6,7,3,4,5,8,1,2 127 0
edge|676|20|714 2,3,7,6,4,5,8,1 25 0
edge|684|25|714 3,2,6,7,1,8,5,4 121 0
edge|696|12|374 1,4,5,6,2,3,7,8 56 0
edge|697|13|704 5,4,1,8,7,6,2,3 7 0
edge|702|38|708 1,4,5,6,7,8,2,3 7 0
edge|704|3|699 2,8,7,3,4,5,6,1 2 0
edge|704|8|697 3,7,8,2,1,6,5,4 59 0
edge|704|57|358 5,6,1,2,8,7,3,4 51 0
edge|708|26|702 1,7,8,2,3,4,5,6 62 0
edge|709|31|773 3,4,6,7,8,1,2,5 15 0
edge|709|33|433 3,4,6,5,2,1,8,7 15 0
edge|709|38|711 8,1,2,5,6,4,3,7 79 0
edge|710|63|714 3,4,6,7,5,8,1,2 115 0
edge|711|21|774 7,6,4,3,2,1,8,5 31 0
edge|714|63|710 7,8,1,2,5,3,4,6 35 0
edge|714|66|684 5,2,1,8,7,3,4,6 35 0
edge|719|63|328 8,1,2,3,4,7,6,5 15 0
edge|766|32|637 6,7,3,2,1,8,5,4 127 0
edge|769|34|478 8,1,4,5,3,2,6,7 97 0
edge|769|62|637 2,3,1,8,7,6,5,4 7 0
edge|771|38|772 6,5,4,3,2,1,7,8 0 0
edge|773|31|709 6,7,1,2,8,3,4,5 99 0
edge|773|32|573 7,6,5,4,3,8,2,1 3 0
edge|773|38|774 1,2,8,7,6,5,4,3 3 0
edge|774|21|711 6,5,4,3,8,2,1,7 67 0
stab|1038 8,3,2,5,4,7,6,1 24 0
stab|1038 6,1,8,3,2,5,4,7 57 0
stab|1038 4,7,6,1,8,3,2,5 113 0
stab|1038 2,5,4,7,6,1,8,3 99 0
stab|1043 3,8,1,6,7,4,5,2 99 0
stab|1043 7,4,5,2,3,8,1,6 57 0
stab|1054 4,5,2,1,6,7,8,3 24 0
stab|1210 7,5,4,3,2,6,1,8 97 0
stab|1226 1,5,4,3,2,8,7,6 31 0
stab|1339 1,6,7,8,5,2,3,4 16 0
stab|1362 8,3,2,7,6,5,4,1 120 0
stab|1364 5,8,1,2,3,6,7,4 119 0
stab|1364 3,4,5,8,1,6,7,2 125 0
stab|1364 8,5,4,3,2,7,6,1 30 0
stab|1364 2,1,8,5,4,7,6,3 27 0
stab|1364 4,7,6,3,2,1,8,5 119 0
stab|1364 2,7,6,1,8,5,4,3 125 0
stab|1364 1,4,5,6,7,2,3,8 120 0
stab|1364 5,2,3,6,7,8,1,4 17 0
stab|1364 4,1,8,7,6,3,2,5 17 0
stab|1364 7,8,1,4,5,2,3,6 39 0
stab|1364 7,2,3,8,1,4,5,6 65 0
stab|1364 6,5,4,1,8,3,2,7 65 0
stab|1364 6,3,2,5,4,1,8,7 39 0
stab|1364 1,6,7,2,3,4,5,8 30 0
stab|1364 3,6,7,4,5,8,1,2 27 0
stab|1391 7,6,5,8,3,2,1,4 120 0
stab|1429 5,6,7,4,1,2,3,8 8 0
edge|378|27|833 3,2,1,6,5,4,7,8 63 0
edge|560|18|1124 1,6,7,4,5,2,3,8 24 0
edge|632|25|905 5,4,3,6,7,8,1,2 31 0
edge|633|53|975 4,5,2,1,8,7,6,3 7 0
edge|634|42|1036 1,6,7,8,5,4,3,2 30 0
edge|656|58|831 8,7,6,5,2,3,4,1 14 0
edge|718|12|1089 5,2,3,8,1,6,7,4 113 0
edge|720|42|1059 1,8,5,6,7,4,3,2 113 0
edge|727|62|1099 5,4,1,2,3,8,7,6 24 0
edge|616|61|1223 2,6,7,8,1,3,4,5 31 0
edge|723|16|1360 2,3,4,1,6,7,8,5 30 0
edge|761|41|1200 6,8,1,2,3,7,4,5 103 0
edge|762|24|1223 3,7,6,5,4,2,1,8 127 0
edge|792|65|1357 5,6,2,1,7,8,3,4 48 0
edge|806|13|865 8,3,4,2,1,5,6,7 115 0
edge|821|58|658 8,5,6,7,4,3,2,1 112 0
edge|822|21|956 8,7,6,2,1,5,4,3 31 0
edge|832|26|1028 5,1,8,7,4,3,2,6 31 0
edge|835|31|827 5,4,2,3,6,7,8,1 7 0
edge|835|63|1292 3,6,7,8,1,5,4,2 29 0
edge|838|49|1305 1,2,4,5,3,6,7,8 28 0
edge|841|26|1275 4,1,8,7,6,5,3,2 1 0
edge|845|32|1345 6,2,3,5,4,1,8,7 33 0
edge|856|13|1287 7,3,2,6,5,4,1,8 71 0
edge|858|54|1425 7,8,1,4,2,3,5,6 55 0
edge|858|56|1030 6,2,3,4,7,8,1,5 31 0
edge|902|16|956 3,4,5,1,2,6,7,8 31 0
edge|905|33|632 7,8,3,2,1,4,5,6 56 0
edge|919|57|1029 6,2,1,8,7,4,3,5 31 0
edge|950|68|1341 2,3,6,7,8,4,5,1 6 0
edge|956|34|902 4,5,1,2,3,6,7,8 31 0
edge|956|44|822 5,4,8,7,6,3,2,1 7 0
edge|967|22|1176 6,7,8,1,2,5,3,4 3 0
edge|971|48|1252 7,6,4,3,5,2,1,8 99 0
edge|975|49|633 4,3,8,1,2,7,6,5 115 0
edge|998|30|1233 2,5,6,7,8,1,3,4 15 0
edge|1000|65|1426 7,6,5,2,4,3,1,8 125 0
edge|1025|6|1413 1,5,6,8,7,4,3,2 14 0
edge|1027|10|870 2,7,6,5,1,8,4,3 115 0
edge|1027|54|970 3,2,7,6,8,1,5,4 25 0
edge|1028|66|924 7,2,3,4,8,1,5,6 49 0
edge|1034|30|1392 8,2,1,3,4,5,6,7 127 0
edge|1036|0|635 1,8,7,6,5,2,3,4 15 0
edge|1058|43|722 1,8,7,6,3,4,5,2 29 0
edge|1088|44|717 6,5,4,7,8,1,2,3 63 0
edge|1099|20|727 3,4,5,2,1,8,7,6 3 0
edge|1125|57|1175 2,1,6,5,4,3,7,8 0 0
edge|1159|33|1230 6,5,4,3,8,7,1,2 0 0
edge|1160|63|1180 3,8,7,6,5,4,2,1 0 0
edge|1173|37|971 4,5,7,8,6,1,2,3 24 0
edge|1180|52|1159 7,8,4,3,2,1,6,5 0 0
edge|1180|63|1160 8,7,1,6,5,4,3,2 0 0
edge|1186|0|1359 4,5,6,1,7,8,2,3 6 0
edge|1186|64|1033 6,1,7,8,2,3,4,5 30 0
edge|1195|44|764 3,4,5,7,8,1,6,2 61 0
edge|1220|37|764 7,6,1,5,4,3,2,8 127 0
edge|1221|68|769 5,1,6,7,8,2,3,4 14 0
edge|1263|61|1269 6,5,4,1,8,7,3,2 1 0
edge|1268|67|1288 4,8,7,3,2,1,6,5 8 0
edge|1275|47|841 2,8,7,1,6,5,4,3 2 0
edge|1280|30|654 1,4,3,2,5,8,7,6 17 0
edge|1283|25|1340 6,5,2,1,8,4,3,7 79 0
edge|1291|38|840 5,8,1,7,6,2,3,4 113 0
edge|1297|35|960 8,1,2,6,7,3,4,5 3 0
edge|1298|32|1285 4,3,7,6,2,1,8,5 19 0
edge|1298|54|840 1,2,5,3,4,6,7,8 28 0
edge|1339|42|767 8,7,6,1,4,3,2,5 14 0
edge|1342|48|1353 8,7,3,4,6,5,2,1 48 0
edge|1357|39|792 4,3,7,8,1,2,5,6 3 0
edge|1358|14|1430 7,8,1,2,3,4,6,5 15 0
edge|1358|35|1200 4,7,8,1,2,3,5,6 63 0
edge|1360|56|723 4,1,2,3,8,5,6,7 120 0
edge|1360|59|723 8,5,6,7,4,1,2,3 119 0
edge|1392|30|1034 3,2,4,5,6,7,8,1 1 0
edge|1413|3|1025 1,8,7,6,2,3,5,4 31 0
edge|1425|26|929 3,5,6,4,7,8,1,2 11 0
edge|1425|63|1003 7,4,6,5,3,2,1,8 119 0
edge|1430|37|1358 3,4,5,6,8,7,1,2 60 0
stab|1433 8,3,2,4,7,6,5,1 8 0
stab|1459 7,4,5,1,8,3,2,6 57 0
stab|1459 4,7,6,2,3,8,1,5 113 0
stab|2083 6,5,8,7,3,4,1,2 51 0
stab|2083 7,8,5,6,2,1,4,3 60 0
edge|797|45|1446 1,8,3,5,4,7,6,2 97 0
edge|808|3|1433 5,6,7,2,1,8,3,4 115 0
edge|808|58|1449 2,3,8,6,7,4,5,1 25 0
edge|835|55|1446 3,8,1,5,6,7,4,2 115 0
edge|837|68|1490 7,6,5,3,8,1,2,4 3 0
edge|839|26|1452 5,4,7,8,1,2,3,6 31 0
edge|843|69|1506 8,1,2,6,7,4,5,3 31 0
edge|844|45|1445 6,7,4,2,1,8,3,5 99 0
edge|855|56|1477 5,6,7,8,3,2,1,4 8 0
edge|889|45|1471 3,8,1,7,4,5,6,2 67 0
edge|889|64|1513 5,4,7,3,8,1,2,6 27 0
edge|907|34|1535 8,7,6,3,2,1,4,5 7 0
edge|960|67|1510 6,7,4,8,3,2,1,5 96 0
edge|1037|41|1677 3,4,5,6,1,8,7,2 61 0
edge|1036|34|1771 6,5,2,3,4,1,8,7 49 0
edge|1056|55|1787 7,6,3,4,5,2,1,8 99 0
edge|1090|60|1855 5,4,3,8,1,2,7,6 99 0
edge|1101|7|1787 1,2,7,6,5,4,3,8 0 0
edge|1171|33|1770 5,6,1,8,7,2,3,4 49 0
edge|1183|22|1689 2,1,8,4,5,6,7,3 3 0
edge|1185|43|1748 5,7,8,1,6,2,3,4 49 0
edge|1188|12|1820 6,4,3,2,5,1,8,7 49 0
edge|1215|22|1725 1,2,3,7,6,5,4,8 0 0
edge|1236|34|1919 4,5,2,6,7,8,1,3 7 0
edge|1238|8|1733 6,2,5,4,3,1,8,7 61 0
edge|1262|5|1467 4,1,2,6,5,8,7,3 56 0
edge|1262|34|1509 8,5,6,4,1,2,3,7 119 0
edge|1264|43|1527 6,5,8,2,1,4,3,7 51 0
edge|1265|29|1471 2,1,4,8,5,6,7,3 124 0
edge|1272|59|1480 5,6,7,3,4,1,2,8 3 0
edge|1280|36|1449 2,5,4,6,1,8,7,3 35 0
edge|1281|49|1490 3,2,5,8,7,6,1,4 24 0
edge|1287|31|1466 4,5,2,8,1,6,7,3 103 0
edge|1288|36|1450 8,1,6,2,5,4,3,7 125 0
edge|1302|18|1465 1,4,3,7,8,5,6,2 49 0
edge|1325|62|1595 7,8,5,3,4,1,2,6 60 0
edge|1326|34|1583 5,8,7,3,2,1,4,6 24 0
edge|1340|25|1441 5,2,3,7,8,1,6,4 49 0
edge|1347|18|1445 3,4,1,7,6,5,8,2 115 0
edge|1357|54|1504 1,2,3,5,8,7,6,4 31 0
edge|1359|30|1451 2,1,4,6,7,8,5,3 28 0
edge|1360|21|1795 2,7,6,5,4,1,8,3 3 0
edge|1360|48|1795 6,3,2,1,8,5,4,7 63 0
edge|1360|64|1854 7,6,5,2,3,4,1,8 113 0
edge|1361|17|1854 6,7,8,3,2,1,4,5 24 0
edge|1362|33|1854 1,2,3,6,7,4,5,8 24 0
edge|1362|57|1796 5,8,3,2,7,6,1,4 113 0
edge|1363|64|1796 4,1,6,7,2,3,8,5 113 0
edge|1366|54|1861 4,1,8,3,2,7,6,5 113 0
edge|1366|62|1812 5,8,3,2,1,4,7,6 24 0
edge|1369|69|1883 5,6,7,2,1,4,3,8 3 0
edge|1370|6|1792 7,2,3,4,1,6,5,8 113 0
edge|1373|9|1794 8,5,2,3,4,1,6,7 113 0
edge|1373|69|1864 6,1,8,5,4,3,2,7 63 0
edge|1340|33|1991 3,1,8,7,6,4,5,2 29 0
edge|1345|65|1984 6,1,8,7,3,2,5,4 57 0
edge|1349|34|1951 2,8,7,6,5,3,4,1 14 0
edge|1356|65|1945 7,1,2,3,4,6,5,8 112 0
edge|1357|23|1952 6,4,3,2,1,5,8,7 48 0
edge|1367|7|2029 3,6,7,2,1,8,5,4 27 0
edge|1375|17|1808 7,2,3,4,5,8,1,6 63 0
edge|1376|5|1774 8,7,2,1,6,5,4,3 63 0
edge|1376|17|1861 8,3,4,1,2,7,6,5 3 0
edge|1376|33|1864 8,5,6,1,4,3,2,7 113 0
edge|1383|52|1864 5,8,7,4,1,2,3,6 24 0
edge|1384|51|1883 8,7,6,3,4,1,2,5 3 0
edge|1392|25|2032 8,1,4,5,6,3,2,7 65 0
edge|1393|4|1797 4,5,8,7,6,1,2,3 24 0
edge|1393|25|1818 3,8,7,6,5,4,1,2 3 0
edge|1393|62|1943 3,5,6,7,8,2,1,4 8 0
edge|1394|10|1861 5,2,1,4,3,6,7,8 3 0
edge|1395|26|1808 6,3,2,1,4,7,8,5 24 0
edge|1396|30|1706 8,6,5,4,7,3,2,1 56 0
edge|1423|12|1611 8,7,6,2,1,4,3,5 3 0
edge|1423|63|1992 6,7,8,5,3,2,1,4 23 0
edge|1428|6|1464 2,3,8,5,6,7,4,1 113 0
edge|1429|42|1956 4,7,6,5,8,3,2,1 112 0
edge|1430|38|1990 7,6,5,8,2,3,4,1 126 0
edge|1433|49|1436 8,3,6,5,1,2,4,7 115 0
edge|1434|29|1455 5,6,2,7,4,3,8,1 67 0
edge|1434|60|1305 5,6,7,4,2,3,8,1 9 0
edge|1435|57|1582 7,8,3,6,2,1,5,4 32 0
edge|1436|25|1478 8,7,4,5,1,2,6,3 31 0
edge|1439|38|1342 6,2,3,8,1,7,4,5 97 0
edge|1439|61|1355 6,5,4,7,1,8,3,2 65 0
edge|1440|29|1276 2,3,8,1,5,4,7,6 25 0
edge|1441|42|1336 7,2,1,8,3,6,5,4 123 0
edge|1445|47|1347 3,8,1,2,6,5,4,7 67 0
edge|1445|69|1453 6,5,3,8,7,4,1,2 8 0
edge|1448|39|1338 2,4,7,6,5,3,8,1 9 0
edge|1449|2|1280 5,1,8,3,2,4,7,6 25 0
edge|1449|20|1501 5,3,2,4,1,8,7,6 23 0
edge|1449|32|1265 2,1,8,3,5,6,7,4 11 0
edge|1451|24|1359 2,1,8,3,7,4,5,6 59 0
edge|1452|23|1302 1,8,3,2,6,7,4,5 97 0
edge|1453|12|1288 5,3,8,1,2,6,7,4 11 0
edge|1454|13|1472 7,6,3,5,4,2,1,8 99 0
edge|1454|20|2027 5,4,2,1,8,7,6,3 7 0
edge|1458|8|1269 5,4,7,6,2,1,8,3 27 0
edge|1464|6|1428 8,1,2,7,4,5,6,3 71 0
edge|1464|51|1952 8,1,2,6,5,7,4,3 15 0
edge|1473|20|1935 4,5,6,2,1,7,8,3 56 0
edge|1477|56|855 7,6,5,8,1,2,3,4 127 0
edge|1478|8|1438 5,6,8,3,4,7,2,1 67 0
edge|1480|31|1347 6,7,4,5,1,2,3,8 96 0
edge|1486|51|1501 3,8,7,4,2,1,5,6 8 0
edge|1490|53|1991 4,2,1,5,6,3,8,7 51 0
edge|1501|13|1562 5,6,2,3,8,7,4,1 56 0
edge|1501|31|1486 6,5,1,4,7,8,3,2 8 0
edge|1502|59|1509 5,1,2,8,3,4,7,6 96 0
edge|1504|30|1359 1,2,3,8,4,7,6,5 112 0
edge|1508|56|2017 4,3,2,7,1,8,6,5 79 0
edge|1509|23|1502 2,3,5,6,1,8,7,4 63 0
edge|1517|42|1936 5,4,7,8,1,6,2,3 57 0
edge|1530|64|1554 3,8,7,6,5,1,2,4 8 0
edge|1534|4|1984 6,3,8,7,4,5,1,2 59 0
edge|1535|57|907 6,5,4,7,8,3,2,1 56 0
edge|1535|61|1993 8,7,4,1,2,6,5,3 60 0
edge|1546|47|1966 4,5,3,2,6,1,8,7 33 0
edge|1554|18|1530 6,7,1,8,5,4,3,2 127 0
edge|1562|9|1501 8,3,4,7,1,2,6,5 67 0
edge|1564|4|1623 4,3,8,5,1,2,6,7 19 0
edge|1575|37|1703 3,7,8,1,4,5,6,2 3 0
edge|1593|53|1422 6,7,4,5,3,8,1,2 99 0
edge|1597|69|1938 3,2,1,5,4,8,7,6 0 0
edge|1598|42|1954 1,6,7,8,3,2,4,5 24 0
edge|1600|7|1950 3,7,8,6,5,4,1,2 3 0
edge|1602|41|1937 3,2,1,7,8,4,5,6 0 0
edge|1611|47|1423 5,4,7,6,8,3,2,1 24 0
edge|1623|57|1564 5,6,2,1,4,7,8,3 56 0
edge|1641|12|1893 6,2,3,1,8,7,4,5 31 0
edge|1670|22|1916 6,3,2,1,8,7,5,4 7 0
edge|1670|30|1937 8,7,6,4,5,1,2,3 31 0
edge|1670|43|1918 4,5,1,8,7,6,3,2 31 0
edge|1674|22|1931 5,3,4,8,1,2,7,6 99 0
edge|1674|27|1950 8,4,3,5,6,7,2,1 0 0
edge|1674|68|1910 1,2,5,6,7,8,4,3 3 0
edge|1676|58|1877 5,2,4,3,1,8,7,6 29 0
edge|1677|27|1037 5,8,1,2,3,4,7,6 31 0
edge|1683|27|1685 1,8,5,4,3,7,6,2 125 0
edge|1684|26|1938 8,1,2,4,3,7,6,5 3 0
edge|1684|42|1930 1,8,5,6,7,3,4,2 125 0
edge|1687|63|1930 6,5,8,1,2,4,3,7 51 0
edge|1691|43|1596 4,8,1,5,6,7,2,3 119 0
edge|1691|58|1707 8,4,3,2,7,6,5,1 0 0
edge|1701|22|2036 3,2,1,8,7,5,6,4 55 0
edge|1703|39|1407 8,7,6,4,3,2,5,1 14 0
edge|1704|34|1260 4,6,7,8,1,5,2,3 25 0
edge|1769|8|1851 2,8,7,6,5,4,3,1 2 0
edge|1770|1|1232 3,6,7,8,1,2,5,4 7 0
edge|1771|49|1036 6,3,4,5,2,1,8,7 35 0
edge|1774|66|1376 4,3,8,7,6,5,2,1 3 0
edge|1780|46|1376 5,4,7,6,1,2,3,8 24 0
edge|1781|37|1376 5,2,3,4,7,6,1,8 113 0
edge|1786|29|1363 2,5,6,1,8,3,4,7 113 0
edge|1792|52|1366 4,3,2,7,6,1,8,5 111 0
edge|1793|32|1057 4,7,8,1,2,3,6,5 15 0
edge|1794|49|1373 6,3,4,5,2,7,8,1 29 0
edge|1795|29|1362 6,1,8,5,4,3,2,7 33 0
edge|1796|67|1362 7,4,3,8,1,6,5,2 113 0
edge|1797|43|1393 6,7,8,1,2,5,4,3 3 0
edge|1799|32|1387 5,4,3,6,1,8,7,2 33 0
edge|1808|54|1395 4,3,2,5,8,1,6,7 111 0
edge|1850|32|1769 8,1,7,6,5,4,3,2 1 0
edge|1854|33|1362 1,2,3,6,7,4,5,8 96 0
edge|1861|1|1376 4,5,2,3,8,7,6,1 24 0
edge|1861|5|1386 2,5,4,1,8,7,6,3 29 0
edge|1861|34|1394 3,2,5,4,1,6,7,8 6 0
edge|1864|16|1376 4,7,6,5,2,3,8,1 113 0
edge|1864|52|1383 5,6,7,4,1,8,3,2 9 0
edge|1883|51|1384 6,7,4,5,8,3,2,1 96 0
edge|1892|54|1770 4,3,2,8,7,1,6,5 14 0
edge|1892|66|1772 8,7,3,2,4,5,6,1 0 0
edge|1893|23|1641 4,2,3,7,8,1,6,5 49 0
edge|1910|67|1674 1,2,8,7,3,4,5,6 3 0
edge|1918|43|1670 3,8,7,1,2,6,5,4 56 0
edge|1919|62|1236 7,3,8,1,2,4,5,6 59 0
edge|1930|27|1688 4,5,7,6,2,1,8,3 27 0
edge|1930|42|1684 1,8,6,7,3,4,5,2 125 0
edge|1931|27|1674 5,6,2,3,1,8,7,4 15 0
edge|1932|51|1543 5,7,8,2,1,6,3,4 51 0
edge|1935|32|1770 6,7,8,4,5,3,2,1 7 0
edge|1935|36|1473 5,4,8,1,2,3,6,7 7 0
edge|1937|18|1602 3,2,1,6,7,8,4,5 0 0
edge|1938|32|1684 2,3,5,4,8,7,6,1 6 0
edge|1939|37|1617 7,8,1,6,5,4,2,3 63 0
edge|1943|32|1393 7,6,1,8,2,3,4,5 127 0
edge|1943|63|1394 2,3,4,5,7,6,1,8 97 0
edge|1949|28|1599 1,6,5,7,8,2,3,4 63 0
edge|1951|31|1349 8,1,6,7,5,4,3,2 97 0
edge|1952|22|2004 7,5,4,6,1,2,3,8 64 0
edge|1952|27|1464 2,3,8,7,5,4,6,1 57 0
edge|1952|46|2004 1,2,3,6,7,5,4,8 96 0
edge|1952|50|1357 5,4,3,2,6,1,8,7 33 0
edge|1952|57|1232 8,2,3,4,5,7,6,1 30 0
edge|1956|8|1428 6,7,8,5,2,3,4,1 17 0
edge|1962|38|2066 8,7,5,4,3,6,2,1 60 0
edge|1964|46|2051 8,1,2,3,4,6,5,7 79 0
edge|1966|33|1546 6,4,3,1,2,5,8,7 48 0
edge|1969|48|2070 5,6,2,7,8,1,3,4 15 0
edge|1984|58|1534 7,8,2,5,6,1,4,3 14 0
edge|1984|65|1345 2,6,5,8,7,1,4,3 60 0
edge|1990|11|1424 7,6,5,8,4,1,2,3 120 0
edge|1990|38|1430 8,5,6,7,3,2,1,4 119 0
edge|1991|12|1490 3,2,6,1,4,5,8,7 30 0
edge|1991|39|1340 2,8,1,6,7,5,4,3 99 0
edge|1993|69|1535 4,5,8,3,7,6,2,1 27 0
edge|2004|0|1952 1,2,3,7,6,4,5,8 24 0
edge|2017|29|1508 5,3,2,1,8,7,4,6 31 0
edge|2027|3|1454 4,3,8,2,1,7,6,5 115 0
edge|2029|44|1367 5,4,1,8,7,2,3,6 39 0
edge|2030|62|1392 2,7,6,3,4,5,8,1 125 0
edge|2036|43|1701 3,2,1,8,6,7,5,4 103 0
edge|2051|48|1964 2,3,4,5,7,6,8,1 97 0
edge|2069|28|2078 8,7,3,6,5,4,2,1 0 0
edge|2069|42|1969 6,3,7,8,1,2,4,5 27 0
stab|2315 5,8,7,6,1,4,3,2 0 0
stab|2315 3,6,1,8,7,2,5,4 57 0
stab|2339 7,3,2,5,4,6,1,8 103 0
stab|2339 8,2,5,4,3,7,6,1 2 0
stab|2362 5,4,7,2,1,8,3,6 99 0
stab|2452 7,8,5,6,3,4,1,2 60 0
stab|2452 6,5,8,7,2,1,4,3 51 0
stab|2456 1,8,7,5,4,6,3,2 25 0
stab|2472 7,6,3,5,4,2,1,8 127 0
edge|1511|66|2090 6,2,4,3,5,1,8,7 61 0
edge|1525|60|2096 7,6,2,1,8,3,5,4 3 0
edge|1537|68|2105 6,3,4,2,7,8,1,5 29 0
edge|1597|58|2126 1,4,5,8,7,6,3,2 30 0
edge|1625|46|2094 7,4,2,3,8,1,5,6 57 0
edge|1625|63|2134 4,7,6,5,1,8,3,2 113 0
edge|1664|23|2120 4,3,6,8,7,2,1,5 12 0
edge|1666|48|2089 7,2,1,5,6,3,4,8 115 0
edge|1750|37|2088 2,7,8,4,3,6,5,1 49 0
edge|1769|44|2126 6,1,2,5,4,3,8,7 35 0
edge|1786|33|2303 5,8,1,2,7,4,3,6 99 0
edge|1786|50|2303 3,6,5,2,7,8,1,4 57 0
edge|1786|64|2303 1,4,3,2,7,6,5,8 0 0
edge|1791|29|2314 3,4,7,6,1,8,5,2 99 0
edge|1792|65|2316 2,7,4,5,8,1,6,3 99 0
edge|1795|19|2316 3,6,1,8,5,4,7,2 99 0
edge|1795|69|2320 7,4,1,8,3,2,5,6 57 0
edge|1806|53|2298 6,1,2,7,8,5,4,3 0 0
edge|1854|52|2318 7,8,3,2,5,4,1,6 57 0
edge|1857|7|2316 4,1,8,7,2,5,6,3 57 0
edge|1859|20|2318 6,5,2,3,8,1,4,7 57 0
edge|1861|7|2329 2,3,8,7,6,1,4,5 0 0
edge|1863|9|2303 7,2,5,4,1,8,3,6 57 0
edge|1875|38|2326 7,6,1,2,3,8,5,4 0 0
edge|1887|32|2246 2,4,3,8,7,5,6,1 49 0
edge|1887|47|2256 8,6,5,4,3,1,2,7 67 0
edge|1889|29|2242 6,8,7,2,1,3,4,5 28 0
edge|1905|41|2272 4,2,1,6,5,7,8,3 59 0
edge|1941|23|2297 7,8,1,5,2,3,4,6 49 0
edge|1942|9|2300 3,2,8,1,5,4,6,7 31 0
edge|1942|54|2301 5,4,6,7,3,2,8,1 103 0
edge|1946|3|2301 6,7,5,4,8,1,3,2 103 0
edge|1946|52|2345 4,8,1,6,7,5,2,3 103 0
edge|1954|27|2193 5,8,7,1,4,3,2,6 30 0
edge|1987|63|2087 3,7,1,8,2,6,5,4 71 0
edge|1995|67|2091 2,6,4,5,3,7,8,1 33 0
edge|2005|34|2274 5,6,2,1,4,3,7,8 3 0
edge|2006|60|2275 8,7,3,4,1,2,6,5 3 0
edge|2008|30|2127 5,8,7,6,4,1,2,3 24 0
edge|2008|49|2094 8,5,3,2,1,4,6,7 119 0
edge|2024|41|2096 5,8,2,3,4,1,7,6 30 0
edge|2028|15|2320 8,5,2,3,6,7,4,1 24 0
edge|2028|22|2320 4,7,2,3,8,1,6,5 113 0
edge|2028|47|2320 1,6,3,2,5,4,7,8 24 0
edge|2029|2|2303 3,8,1,4,5,6,7,2 3 0
edge|2029|64|2318 4,5,8,7,2,3,6,1 63 0
edge|2029|67|2318 1,8,5,6,3,2,7,4 63 0
edge|2030|29|2325 4,5,2,1,8,3,6,7 3 0
edge|2032|22|2329 1,8,3,4,5,2,7,6 3 0
edge|1956|34|2382 3,1,6,7,8,4,5,2 2 0
edge|1990|28|2382 2,8,5,6,7,3,4,1 126 0
edge|2040|18|2366 1,4,5,2,3,6,7,8 24 0
edge|2083|25|2452 1,2,3,4,8,7,6,5 0 0
edge|2087|21|2018 3,5,1,8,7,6,2,4 23 0
edge|2088|37|1750 8,1,5,4,7,6,2,3 31 0
edge|2089|18|1750 3,2,6,7,4,5,1,8 31 0
edge|2091|37|2015 8,1,5,3,4,2,6,7 125 0
edge|2094|18|2008 5,4,3,6,2,7,8,1 33 0
edge|2096|20|2024 6,3,4,5,1,8,7,2 29 0
edge|2121|59|2170 8,7,6,3,2,4,5,1 6 0
edge|2126|18|1597 1,8,7,2,3,6,5,4 57 0
edge|2126|44|1769 2,3,6,5,4,1,8,7 7 0
edge|2126|58|2255 2,7,4,5,6,8,1,3 67 0
edge|2127|31|2192 3,5,4,1,8,7,6,2 3 0
edge|2127|36|2008 6,7,8,5,1,4,3,2 17 0
edge|2128|42|2261 6,1,5,4,2,3,8,7 57 0
edge|2168|1|2122 8,5,4,6,7,3,2,1 24 0
edge|2186|23|2407 4,3,5,6,2,1,8,7 3 0
edge|2191|41|2129 4,8,1,3,2,7,6,5 119 0
edge|2217|34|2383 7,5,4,2,1,8,3,6 35 0
edge|2217|42|2407 5,6,7,8,3,4,2,1 3 0
edge|2220|34|2299 4,8,1,2,7,6,5,3 119 0
edge|2220|53|2299 3,5,6,7,2,1,8,4 119 0
edge|2220|57|2298 5,6,7,3,4,2,1,8 3 0
edge|2227|32|2377 3,4,7,6,2,1,5,8 31 0
edge|2227|51|2394 5,8,2,1,3,4,7,6 31 0
edge|2227|58|2246 4,6,7,8,5,2,1,3 24 0
edge|2228|41|2130 2,5,6,4,3,1,8,7 15 0
edge|2235|38|1889 8,1,3,2,6,7,5,4 31 0
edge|2239|43|1889 5,4,6,7,8,1,3,2 31 0
edge|2246|58|2227 7,6,8,1,5,2,3,4 17 0
edge|2247|21|2368 1,8,7,5,6,4,3,2 49 0
edge|2248|9|2253 5,2,7,8,1,3,4,6 29 0
edge|2248|62|2342 2,3,4,6,5,7,8,1 49 0
edge|2253|10|2248 5,2,6,7,1,8,3,4 113 0
edge|2255|24|1888 6,7,5,4,3,2,8,1 31 0
edge|2255|42|2126 7,1,8,3,4,5,2,6 67 0
edge|2270|42|2472 3,4,6,7,8,5,1,2 12 0
edge|2273|57|2456 6,5,1,4,3,2,8,7 63 0
edge|2274|4|2026 4,3,6,5,1,2,7,8 12 0
edge|2275|33|2006 5,6,3,4,8,7,2,1 48 0
edge|2296|48|1941 3,5,6,7,4,8,1,2 115 0
edge|2298|43|2220 7,6,4,5,1,2,3,8 96 0
edge|2299|53|2220 3,4,8,1,7,6,5,2 3 0
edge|2300|54|1943 8,6,5,2,1,3,4,7 67 0
edge|2301|3|1946 6,8,7,4,3,1,2,5 28 0
edge|2303|65|1863 5,2,7,4,3,8,1,6 99 0
edge|2311|10|1847 6,1,8,3,4,7,2,5 99 0
edge|2312|51|2047 1,6,5,8,3,4,7,2 66 0
edge|2316|24|1795 3,8,1,6,5,2,7,4 57 0
edge|2316|49|1857 2,5,8,1,6,7,4,3 99 0
edge|2317|21|1854 8,1,6,3,4,5,2,7 99 0
edge|2318|27|1854 7,4,3,6,5,8,1,2 15 0
edge|2318|44|1859 6,3,4,7,2,1,8,5 99 0
edge|2325|32|1875 3,4,5,8,7,2,1,6 0 0
edge|2325|41|2030 4,3,6,1,2,7,8,5 12 0
edge|2326|49|2032 1,6,3,4,5,8,7,2 33 0
edge|2341|31|2465 7,6,4,3,2,1,5,8 96 0
edge|2342|40|2248 8,1,2,3,5,4,6,7 103 0
edge|2343|51|2464 4,1,5,6,7,8,2,3 6 0
edge|2345|57|1946 3,7,8,1,6,4,5,2 35 0
edge|2368|40|2247 1,8,7,6,4,5,3,2 25 0
edge|2377|34|2227 6,5,1,2,7,4,3,8 115 0
edge|2378|62|2217 5,4,7,3,2,8,1,6 103 0
edge|2382|26|1990 8,1,6,7,3,4,5,2 125 0
edge|2382|62|1956 2,8,1,6,7,3,4,5 127 0
edge|2394|65|2227 4,3,5,6,1,8,7,2 61 0
edge|2396|33|2412 4,5,7,8,1,2,6,3 27 0
edge|2405|11|2435 7,2,6,5,4,3,1,8 125 0
edge|2407|27|2186 2,5,6,1,7,8,4,3 2 0
edge|2407|29|2186 6,5,2,1,3,4,8,7 48 0
edge|2407|41|2217 4,3,5,2,1,6,7,8 28 0
edge|2407|43|2217 8,7,5,6,1,2,3,4 63 0
edge|2409|12|2400 5,6,8,1,2,7,3,4 51 0
edge|2409|23|2412 1,8,6,5,4,3,7,2 125 0
edge|2431|51|2404 7,8,1,2,6,3,4,5 3 0
edge|2456|15|2273 3,6,5,4,2,1,8,7 63 0
edge|2464|15|2343 2,7,8,1,3,4,5,6 63 0
edge|2464|46|2341 6,5,4,3,7,2,1,8 3 0
stab|2499 8,7,3,5,4,6,2,1 32 0
stab|2510 1,3,2,4,8,7,6,5 7 0
stab|2533 8,2,4,3,7,6,5,1 2 0
stab|2534 3,2,1,5,4,6,8,7 31 0
stab|2540 4,7,2,5,6,1,8,3 57 0
stab|2540 6,3,8,1,4,5,2,7 57 0
stab|2546 3,4,1,2,7,8,5,6 0 0
stab|2588 6,5,3,4,8,7,1,2 0 0
stab|2588 7,8,3,4,2,1,6,5 0 0
edge|2219|66|2480 2,5,4,8,1,3,7,6 103 0
edge|2263|54|2481 4,6,7,3,2,5,1,8 25 0
edge|2283|3|2478 3,4,8,6,7,5,1,2 19 0
edge|2284|3|2480 1,6,7,3,2,8,4,5 103 0
edge|2292|49|2523 5,3,2,1,8,4,7,6 103 0
edge|2296|55|2525 4,8,3,2,1,7,6,5 112 0
edge|2305|11|2520 4,6,7,2,5,1,8,3 25 0
edge|2306|47|2524 6,4,3,8,1,5,2,7 49 0
edge|2342|12|2498 3,7,8,5,4,6,1,2 35 0
edge|2343|3|2526 2,8,1,4,3,7,6,5 127 0
edge|2380|62|2516 4,7,1,8,3,2,6,5 113 0
edge|2381|29|2516 6,7,3,4,5,2,8,1 3 0
edge|2381|43|2488 7,6,1,8,2,5,4,3 99 0
edge|2405|3|2496 1,3,2,7,8,4,5,6 7 0
edge|2405|7|2509 2,8,1,7,3,4,5,6 127 0
edge|2406|47|2533 3,1,7,8,4,5,6,2 2 0
edge|2419|45|2500 8,4,3,6,7,5,2,1 16 0
edge|2430|22|2533 2,4,6,5,1,8,7,3 11 0
edge|2434|26|2534 5,4,3,7,6,8,2,1 127 0
edge|2441|31|2523 4,8,1,2,5,7,6,3 103 0
edge|2449|24|2525 4,2,3,6,5,1,8,7 1 0
edge|2313|9|2540 4,1,6,5,8,3,2,7 0 0
edge|2315|22|2539 8,5,4,3,6,1,2,7 99 0
edge|2318|9|2541 6,3,8,1,2,7,4,5 99 0
edge|2318|23|2553 5,8,3,4,7,2,1,6 99 0
edge|2319|23|2552 7,4,5,2,1,6,3,8 99 0
edge|2320|29|2554 2,7,8,3,6,5,4,1 57 0
edge|2327|6|2544 6,1,4,5,8,7,2,3 0 0
edge|2332|69|2562 7,6,3,4,1,8,5,2 15 0
edge|2343|36|2556 2,3,4,1,8,5,6,7 15 0
edge|2361|28|2544 2,3,6,5,8,1,4,7 15 0
edge|2362|40|2554 3,6,7,4,1,2,5,8 15 0
edge|2363|3|2541 5,8,3,4,1,6,7,2 0 0
edge|2418|19|2569 8,7,2,1,4,3,6,5 3 0
edge|2438|50|2563 5,6,7,2,3,8,1,4 113 0
edge|2442|35|2537 5,6,3,4,7,8,1,2 63 0
edge|2453|38|2581 3,5,7,8,1,2,4,6 31 0
edge|2454|52|2579 1,4,7,6,3,2,5,8 24 0
edge|2476|17|2288 7,8,1,2,6,4,5,3 31 0
edge|2478|10|2404 7,8,1,5,4,6,2,3 31 0
edge|2480|24|2223 5,1,6,3,2,8,7,4 14 0
edge|2480|26|2470 8,7,3,2,6,4,5,1 32 0
edge|2480|58|2284 1,5,4,7,8,2,3,6 31 0
edge|2481|24|2459 6,2,3,1,5,4,8,7 32 0
edge|2481|29|2278 7,5,4,1,6,2,3,8 97 0
edge|2488|15|2381 3,5,8,7,6,2,1,4 23 0
edge|2491|10|2370 3,1,5,4,8,7,6,2 2 0
edge|2492|17|2406 1,3,2,6,7,8,4,5 7 0
edge|2493|49|2534 1,2,6,7,8,4,5,3 3 0
edge|2505|65|2528 1,7,6,5,2,3,4,8 112 0
edge|2507|35|2532 8,4,5,6,7,2,3,1 0 0
edge|2509|7|2405 3,1,5,6,7,8,4,2 2 0
edge|2511|44|2527 7,4,2,1,3,8,5,6 56 0
edge|2512|46|2577 1,3,4,6,7,8,5,2 29 0
edge|2513|41|2533 7,3,2,4,6,5,1,8 119 0
edge|2516|10|2381 8,6,3,4,5,1,2,7 95 0
edge|2516|27|2387 3,6,5,1,8,7,2,4 57 0
edge|2520|36|2306 6,4,8,1,5,2,3,7 49 0
edge|2523|3|2292 4,3,2,6,1,8,7,5 49 0
edge|2523|52|2441 3,4,8,1,5,7,6,2 19 0
edge|2524|16|2306 5,7,3,2,6,1,8,4 49 0
edge|2525|8|2296 5,4,3,1,8,7,6,2 31 0
edge|2527|6|2511 4,3,5,2,7,8,1,6 61 0
edge|2528|26|2571 2,3,4,6,8,1,5,7 31 0
edge|2530|43|2581 6,7,3,2,1,5,8,4 0 0
edge|2531|57|2581 8,4,1,5,6,7,3,2 0 0
edge|2533|4|2430 5,1,8,2,4,3,7,6 19 0
edge|2533|58|2406 2,8,1,5,6,7,3,4 127 0
edge|2534|4|2434 8,7,3,2,1,5,4,6 32 0
edge|2534|28|2493 1,2,8,6,7,3,4,5 3 0
edge|2534|31|2419 2,3,7,8,6,4,5,1 25 0
edge|2535|59|2586 3,4,8,5,6,7,1,2 3 0
edge|2536|40|2504 6,5,1,8,2,3,4,7 63 0
edge|2537|12|2442 7,8,3,4,1,2,5,6 48 0
edge|2539|22|2315 6,7,4,3,2,5,8,1 15 0
edge|2539|28|2323 2,7,4,5,6,3,8,1 57 0
edge|2539|49|2323 8,3,2,7,4,1,6,5 57 0
edge|2540|15|2313 2,7,6,1,4,3,8,5 0 0
edge|2540|62|2313 4,5,2,7,8,1,6,3 57 0
edge|2541|38|2307 1,8,5,2,7,6,3,4 99 0
edge|2543|47|2597 4,5,1,6,7,2,8,3 123 0
edge|2544|25|2327 2,7,8,3,4,1,6,5 0 0
edge|2544|48|2361 6,1,2,7,4,3,8,5 99 0
edge|2547|69|2585 6,1,5,4,3,8,2,7 66 0
edge|2548|14|2586 4,5,7,2,1,6,8,3 24 0
edge|2551|14|2443 8,5,6,1,2,7,4,3 12 0
edge|2552|23|2319 5,4,7,2,3,6,1,8 57 0
edge|2554|40|2362 5,6,1,4,7,2,3,8 57 0
edge|2554|47|2320 8,1,4,7,6,5,2,3 15 0
edge|2556|27|2343 4,1,2,3,6,7,8,5 15 0
edge|2556|31|2597 5,8,2,1,6,7,3,4 111 0
edge|2563|55|2438 7,4,5,8,1,2,3,6 71 0
edge|2563|64|2587 1,2,8,5,4,3,7,6 3 0
edge|2569|25|2418 4,3,6,5,8,7,2,1 12 0
edge|2571|41|2528 6,1,2,3,7,4,8,5 103 0
edge|2575|38|2596 8,7,3,2,5,6,4,1 48 0
edge|2576|3|2584 6,5,3,2,1,4,8,7 48 0
edge|2576|60|2585 2,3,5,6,7,8,4,1 6 0
edge|2577|36|2512 1,8,2,3,7,4,5,6 71 0
edge|2579|27|2454 1,6,5,2,7,4,3,8 66 0
edge|2580|2|2457 5,6,1,7,2,8,3,4 115 0
edge|2581|24|2530 5,4,3,8,6,1,2,7 0 0
edge|2581|56|2531 3,8,7,2,4,5,6,1 0 0
edge|2583|49|2418 6,5,2,1,3,4,7,8 15 0
edge|2584|34|2576 5,4,3,6,2,1,8,7 3 0
edge|2584|53|2572 7,8,1,2,4,5,6,3 63 0
edge|2585|24|2576 8,1,2,7,3,4,5,6 3 0
edge|2585|57|2565 1,2,6,5,4,8,7,3 3 0
edge|2585|69|2547 2,7,5,4,3,1,8,6 63 0
edge|2586|14|2548 5,4,8,1,2,6,3,7 3 0
edge|2587|55|2589 7,5,4,3,1,2,6,8 96 0
edge|2587|64|2575 8,4,3,7,5,6,2,1 48 0
edge|2588|64|2418 1,2,8,7,5,6,4,3 51 0
edge|2588|65|2589 4,8,1,2,6,5,7,3 71 0
edge|2589|5|2587 3,4,8,1,6,5,7,2 51 0
edge|2589|36|2587 7,2,8,1,4,3,5,6 51 0
edge|2589|50|2587 5,6,4,3,2,7,1,8 65 0
edge|2589|64|2587 3,4,2,7,6,5,1,8 15 0
edge|2596|30|2565 4,3,7,8,1,5,6,2 3 0
edge|2597|54|2543 3,6,8,1,2,4,5,7 63 0
stab|2599 5,7,8,4,1,6,2,3 49 0
stab|2606 7,2,5,1,8,6,4,3 29 0
stab|2606 5,2,7,8,1,6,3,4 49 0
stab|2606 4,2,8,7,3,6,1,5 51 0
stab|2606 1,6,3,7,8,2,4,5 35 0
stab|2606 4,6,8,1,5,2,7,3 25 0
stab|2606 5,6,7,3,4,2,8,1 3 0
stab|2606 8,6,4,5,1,2,3,7 95 0
stab|2607 8,1,6,3,2,7,4,5 57 0
stab|2607 2,5,4,7,8,3,6,1 57 0
stab|2608 5,6,3,2,7,4,1,8 57 0
stab|2608 7,4,3,6,1,2,5,8 99 0
stab|2608 1,4,7,8,3,6,5,2 57 0
stab|2614 8,3,6,1,2,5,4,7 99 0
stab|2614 4,5,2,7,6,3,8,1 99 0
stab|2620 5,7,3,8,1,6,2,4 49 0
stab|2620 3,7,1,6,5,4,2,8 127 0
stab|2620 1,7,5,4,3,8,2,6 67 0
stab|2622 4,3,5,6,2,1,7,8 60 0
stab|2622 1,2,5,6,8,7,4,3 60 0
stab|2622 1,2,8,7,3,4,6,5 51 0
stab|2622 4,3,8,7,5,6,1,2 51 0
stab|2622 7,8,2,1,5,6,4,3 15 0
edge|2503|51|2599 2,4,5,1,6,3,7,8 57 0
edge|2519|46|2603 6,5,1,8,4,7,3,2 119 0
edge|2522|57|2603 2,1,3,4,6,5,7,8 48 0
edge|2524|69|2603 5,6,2,3,7,4,8,1 71 0
edge|2540|60|2607 6,7,2,1,4,5,8,3 0 0
edge|2545|9|2607 3,2,1,4,5,8,7,6 0 0
edge|2549|55|2604 7,5,4,3,6,8,1,2 31 0
edge|2550|57|2610 1,2,5,8,3,6,7,4 99 0
edge|2551|23|2603 5,7,2,1,8,6,3,4 79 0
edge|2552|0|2607 1,6,3,8,7,4,5,2 57 0
edge|2567|45|2604 1,5,6,7,2,8,3,4 115 0
edge|2568|67|2604 7,3,2,1,6,4,5,8 103 0
edge|2574|9|2611 8,7,2,3,6,1,4,5 57 0
edge|2578|43|2599 7,4,5,6,2,3,8,1 57 0
edge|2590|26|2602 1,5,4,3,8,6,7,2 97 0
edge|2594|20|2602 7,3,6,5,2,4,1,8 117 0
edge|2599|21|2503 4,1,6,2,3,5,7,8 30 0
edge|2599|46|2578 8,5,6,2,3,4,1,7 113 0
edge|2600|17|2602 3,2,1,8,5,4,6,7 31 0
edge|2600|31|2605 7,1,8,4,3,2,5,6 49 0
edge|2600|36|2602 4,7,6,5,8,3,1,2 112 0
edge|2602|14|2590 1,8,4,3,2,6,7,5 97 0
edge|2602|19|2600 3,2,1,6,5,7,8,4 55 0
edge|2602|41|2594 7,5,2,6,4,3,1,8 79 0
edge|2602|51|2551 7,8,4,3,2,5,1,6 49 0
edge|2603|9|2519 3,8,7,5,2,1,6,4 24 0
edge|2603|14|2519 8,3,4,6,1,2,5,7 99 0
edge|2603|23|2551 4,3,7,8,1,6,2,5 49 0
edge|2603|61|2623 7,8,3,4,6,2,1,5 32 0
edge|2603|68|2623 4,3,8,7,5,1,2,6 19 0
edge|2604|0|2567 1,5,7,8,2,3,4,6 31 0
edge|2604|68|2568 4,3,2,6,7,5,1,8 31 0
edge|2605|59|2619 1,8,7,5,3,2,6,4 31 0
edge|2607|22|2539 2,5,8,1,4,3,6,7 15 0
edge|2607|26|2552 1,8,3,6,7,2,5,4 99 0
edge|2607|49|2545 8,3,6,1,4,7,2,5 57 0
edge|2607|60|2540 4,3,8,5,6,1,2,7 0 0
edge|2610|53|2624 3,4,6,7,2,1,5,8 12 0
edge|2611|57|2574 6,3,4,7,8,5,2,1 15 0
edge|2611|61|2623 7,6,4,3,8,5,1,2 96 0
edge|2613|39|2623 3,4,2,1,6,7,5,8 111 0
edge|2613|46|2618 4,3,8,5,7,6,1,2 99 0
edge|2613|63|2619 8,5,4,3,1,2,7,6 99 0
edge|2616|9|2623 1,2,4,3,8,5,7,6 96 0
edge|2618|31|2613 2,1,5,6,7,3,4,8 0 0
edge|2618|52|2613 4,3,7,8,5,1,2,6 0 0
edge|2618|63|2613 5,6,4,3,2,8,7,1 15 0
edge|2618|68|2613 7,8,2,1,4,6,5,3 15 0
edge|2619|26|2605 1,6,5,8,4,7,3,2 70 0
edge|2619|52|2624 5,8,2,1,4,3,7,6 111 0
edge|2623|12|2611 7,8,4,3,6,2,1,5 3 0
edge|2623|25|2617 4,3,1,2,7,5,6,8 63 0
edge|2623|44|2616 1,2,4,3,6,8,7,5 63 0
edge|2623|49|2603 6,7,2,1,5,8,4,3 112 0
edge|2624|9|2610 6,5,1,2,7,3,4,8 3 0
edge|2624|23|2619 4,3,6,5,1,8,7,2 3 0
