stab|0 1,9,8,7,6,5,4,3,2 0 0
stab|0 2,1,9,8,7,6,5,4,3 0 0
stab|0 9,1,2,3,4,5,6,7,8 0 0
stab|0 3,2,1,9,8,7,6,5,4 0 0
stab|0 8,9,1,2,3,4,5,6,7 0 0
stab|0 4,3,2,1,9,8,7,6,5 0 0
stab|0 7,8,9,1,2,3,4,5,6 0 0
stab|0 5,4,3,2,1,9,8,7,6 0 0
stab|0 6,7,8,9,1,2,3,4,5 0 0
stab|0 6,5,4,3,2,1,9,8,7 0 0
stab|0 5,6,7,8,9,1,2,3,4 0 0
stab|0 7,6,5,4,3,2,1,9,8 0 0
stab|0 4,5,6,7,8,9,1,2,3 0 0
stab|0 8,7,6,5,4,3,2,1,9 0 0
stab|0 3,4,5,6,7,8,9,1,2 0 0
stab|0 2,3,4,5,6,7,8,9,1 0 0
stab|0 9,8,7,6,5,4,3,2,1 0 0
edge|17|80|17 1,2,9,8,7,6,5,4,3 0 0
edge|24|71|24 3,2,1,9,8,6,7,5,4 0 0
edge|33|52|41 1,2,3,4,6,5,7,8,9 0 0
edge|44|79|50 6,5,4,2,3,1,9,8,7 0 0
edge|49|81|55 3,4,2,1,9,8,7,6,5 0 0
edge|50|74|44 6,4,5,3,2,1,9,8,7 0 0
edge|55|82|49 4,3,1,2,9,8,7,6,5 0 0
edge|88|78|129 7,6,5,4,2,3,1,9,8 0 0
edge|103|82|114 3,2,1,9,8,7,5,6,4 0 0
edge|110|73|110 1,9,8,7,5,6,4,3,2 0 0
edge|112|79|112 7,6,5,4,3,2,1,8,9 0 0
edge|114|81|103 3,2,1,9,7,8,6,5,4 0 0
edge|123|75|139 1,2,3,5,4,6,7,8,9 0 0
edge|129|79|88 7,5,6,4,3,2,1,9,8 0 0
edge|136|52|144 3,2,4,5,6,7,8,9,1 0 0
edge|144|79|136 9,2,1,3,4,5,6,7,8 0 0
edge|146|72|156 1,2,4,3,5,6,7,8,9 0 0
edge|148|83|148 6,5,3,4,2,1,9,8,7 0 0
stab|405 6,7,3,8,9,1,2,4,5 4 0
stab|414 9,2,8,7,6,5,4,3,1 0 0
stab|419 1,6,7,8,9,2,3,4,5 1 0
edge|157|67|407 4,5,1,6,7,8,9,2,3 1 0
