stab|0 1,9,8,7,6,5,4,3,2 0 0
stab|0 2,1,9,8,7,6,5,4,3 0 0
stab|0 9,1,2,3,4,5,6,7,8 0 0
stab|0 3,2,1,9,8,7,6,5,4 0 0
stab|0 8,9,1,2,3,4,5,6,7 0 0
stab|0 4,3,2,1,9,8,7,6,5 0 0
stab|0 7,8,9,1,2,3,4,5,6 0 0
stab|0 5,4,3,2,1,9,8,7,6 0 0
stab|0 6,7,8,9,1,2,3,4,5 0 0
stab|0 6,5,4,3,2,1,9,8,7 0 0
stab|0 5,6,7,8,9,1,2,3,4 0 0
stab|0 7,6,5,4,3,2,1,9,8 0 0
stab|0 4,5,6,7,8,9,1,2,3 0 0
stab|0 8,7,6,5,4,3,2,1,9 0 0
stab|0 3,4,5,6,7,8,9,1,2 0 0
stab|0 2,3,4,5,6,7,8,9,1 0 0
stab|0 9,8,7,6,5,4,3,2,1 0 0
edge|15|80|15 1,2,9,8,7,6,5,4,3 0 0
edge|17|71|17 3,2,1,9,8,6,7,5,4 0 0
edge|20|52|25 1,2,3,4,6,5,7,8,9 0 0
edge|27|79|32 6,5,4,2,3,1,9,8,7 0 0
edge|31|81|35 3,4,2,1,9,8,7,6,5 0 0
edge|32|74|27 6,4,5,3,2,1,9,8,7 0 0
edge|35|82|31 4,3,1,2,9,8,7,6,5 0 0
edge|36|78|42 7,6,5,4,2,3,1,9,8 0 0
edge|37|82|40 3,2,1,9,8,7,5,6,4 0 0
edge|38|73|38 1,9,8,7,5,6,4,3,2 0 0
edge|39|79|39 7,6,5,4,3,2,1,8,9 0 0
edge|40|81|37 3,2,1,9,7,8,6,5,4 0 0
edge|41|75|44 1,2,3,5,4,6,7,8,9 0 0
edge|42|79|36 7,5,6,4,3,2,1,9,8 0 0
edge|43|52|45 3,2,4,5,6,7,8,9,1 0 0
edge|45|79|43 9,2,1,3,4,5,6,7,8 0 0
edge|46|72|50 1,2,4,3,5,6,7,8,9 0 0
edge|48|83|48 6,5,3,4,2,1,9,8,7 0 0
stab|52 6,7,3,8,9,1,2,4,5 4 0
stab|54 9,2,8,7,6,5,4,3,1 0 0
stab|55 1,6,7,8,9,2,3,4,5 1 0
edge|51|67|53 4,5,1,6,7,8,9,2,3 1 0
